0.07	743	75000	1060	1060	71300	3750	1220	1290	0	4.41e+05	2.0928
0.0701	758	78800	1070	1070	75000	3820	1240	1290	0	4.59e+05	2.0444
0.0702	758	78800	1070	1070	75000	3820	1240	1290	0	4.59e+05	2.0442
0.0703	759	78800	1070	1070	75000	3820	1240	1290	0	4.59e+05	2.044
0.0704	759	78900	1070	1070	75000	3820	1240	1290	0	4.59e+05	2.0437
0.0705	759	78900	1070	1070	75100	3820	1240	1290	0	4.59e+05	2.0435
0.0706	759	78900	1070	1070	75100	3820	1240	1290	0	4.59e+05	2.0433
0.0707	759	78900	1070	1070	75100	3820	1240	1290	0	4.59e+05	2.0431
0.0708	759	78900	1070	1070	75100	3820	1240	1290	0	4.59e+05	2.0429
0.0709	759	78900	1070	1070	75100	3820	1240	1290	0	4.59e+05	2.0427
0.071	759	78900	1070	1070	75100	3820	1240	1290	0	4.59e+05	2.0425
0.0711	759	79000	1070	1070	75100	3820	1240	1290	0	4.59e+05	2.0422
0.0712	760	79000	1070	1070	75200	3820	1240	1290	0	4.59e+05	2.042
0.0713	760	79000	1070	1070	75200	3820	1240	1290	0	4.59e+05	2.0418
0.0714	760	79000	1070	1070	75200	3820	1240	1290	0	4.59e+05	2.0416
0.0715	760	79000	1070	1070	75200	3820	1240	1290	0	4.59e+05	2.0414
0.0716	760	79000	1070	1070	75200	3820	1240	1290	0	4.59e+05	2.0412
0.0717	760	79100	1070	1070	75200	3820	1240	1290	0	4.59e+05	2.0409
0.0718	760	79100	1070	1070	75200	3820	1240	1290	0	4.59e+05	2.0407
0.0719	760	79100	1070	1070	75300	3820	1240	1290	0	4.59e+05	2.0405
0.072	760	79100	1070	1070	75300	3820	1240	1290	0	4.59e+05	2.0403
0.0721	761	79100	1070	1070	75300	3820	1240	1290	0	4.59e+05	2.0401
0.0722	761	79100	1070	1070	75300	3820	1240	1290	0	4.59e+05	2.0399
0.0723	761	79100	1070	1070	75300	3820	1240	1290	0	4.59e+05	2.0396
0.0724	761	79200	1070	1070	75300	3820	1240	1290	0	4.59e+05	2.0394
0.0725	761	79200	1070	1070	75400	3820	1240	1290	0	4.59e+05	2.0392
0.0726	761	79200	1070	1070	75400	3830	1240	1290	0	4.59e+05	2.039
0.0727	761	79200	1070	1070	75400	3830	1240	1290	0	4.59e+05	2.0388
0.0728	761	79200	1070	1070	75400	3830	1240	1290	0	4.59e+05	2.0386
0.0729	761	79200	1070	1070	75400	3830	1240	1290	0	4.59e+05	2.0384
0.073	762	79300	1070	1070	75400	3830	1240	1290	0	4.59e+05	2.0381
0.0731	762	79300	1070	1070	75400	3830	1240	1290	0	4.59e+05	2.0379
0.0732	762	79300	1070	1070	75500	3830	1240	1290	0	4.59e+05	2.0377
0.0733	762	79300	1070	1070	75500	3830	1240	1290	0	4.59e+05	2.0375
0.0734	762	79300	1070	1070	75500	3830	1240	1290	0	4.59e+05	2.0373
0.0735	762	79300	1070	1070	75500	3830	1240	1290	0	4.59e+05	2.0371
0.0736	762	79300	1070	1070	75500	3830	1240	1290	0	4.59e+05	2.0368
0.0737	762	79400	1070	1070	75500	3830	1240	1290	0	4.59e+05	2.0366
0.0738	762	79400	1070	1070	75500	3830	1240	1290	0	4.59e+05	2.0364
0.0739	763	79400	1070	1070	75600	3830	1240	1290	0	4.59e+05	2.0362
0.074	763	79400	1070	1070	75600	3830	1240	1290	0	4.59e+05	2.036
0.0741	763	79400	1070	1070	75600	3830	1240	1300	0	4.59e+05	2.0358
0.0742	763	79400	1070	1070	75600	3830	1240	1300	0	4.59e+05	2.0356
0.0743	763	79400	1070	1070	75600	3830	1240	1300	0	4.59e+05	2.0353
0.0744	763	79500	1070	1070	75600	3830	1240	1300	0	4.59e+05	2.0351
0.0745	763	79500	1070	1070	75600	3830	1240	1300	0	4.59e+05	2.0349
0.0746	763	79500	1070	1070	75700	3830	1240	1300	0	4.59e+05	2.0347
0.0747	763	79500	1070	1070	75700	3830	1240	1300	0	4.59e+05	2.0345
0.0748	764	79500	1070	1070	75700	3830	1240	1300	0	4.59e+05	2.0343
0.0749	764	79500	1070	1070	75700	3830	1240	1300	0	4.59e+05	2.034
0.075	764	79600	1070	1080	75700	3830	1240	1300	0	4.59e+05	2.0338
0.0751	764	79600	1070	1080	75700	3830	1240	1300	0	4.59e+05	2.0336
0.0752	764	79600	1070	1080	75800	3830	1240	1300	0	4.59e+05	2.0334
0.0753	764	79600	1070	1080	75800	3830	1240	1300	0	4.59e+05	2.0332
0.0754	764	79600	1070	1080	75800	3830	1240	1300	0	4.59e+05	2.033
0.0755	764	79600	1070	1080	75800	3830	1240	1300	0	4.59e+05	2.0328
0.0756	764	79600	1070	1080	75800	3830	1240	1300	0	4.59e+05	2.0326
0.0757	765	79700	1070	1080	75800	3830	1240	1300	0	4.59e+05	2.0324
0.0758	765	79700	1070	1080	75800	3830	1240	1300	0	4.59e+05	2.0322
0.0759	765	79700	1070	1080	75900	3830	1240	1300	0	4.59e+05	2.032
0.076	765	79700	1070	1080	75900	3830	1240	1300	0	4.59e+05	2.0317
0.0761	765	79700	1070	1080	75900	3830	1240	1300	0	4.59e+05	2.0315
0.0762	765	79700	1070	1080	75900	3830	1240	1300	0	4.59e+05	2.0313
0.0763	765	79800	1070	1080	75900	3830	1240	1300	0	4.59e+05	2.0311
0.0764	765	79800	1070	1080	75900	3840	1240	1300	0	4.59e+05	2.0309
0.0765	765	79800	1070	1080	75900	3840	1240	1300	0	4.6e+05	2.0307
0.0766	766	79800	1070	1080	76000	3840	1240	1300	0	4.6e+05	2.0305
0.0767	766	79800	1070	1080	76000	3840	1240	1300	0	4.6e+05	2.0303
0.0768	766	79800	1070	1080	76000	3840	1240	1300	0	4.6e+05	2.03
0.0769	766	79800	1070	1080	76000	3840	1240	1300	0	4.6e+05	2.0298
0.077	766	79900	1070	1080	76000	3840	1240	1300	0	4.6e+05	2.0296
0.0771	766	79900	1070	1080	76000	3840	1240	1300	0	4.6e+05	2.0294
0.0772	766	79900	1070	1080	76100	3840	1240	1300	0	4.6e+05	2.0292
0.0773	766	79900	1070	1080	76100	3840	1240	1300	0	4.6e+05	2.029
0.0774	766	79900	1070	1080	76100	3840	1240	1300	0	4.6e+05	2.0288
0.0775	767	79900	1070	1080	76100	3840	1240	1300	0	4.6e+05	2.0285
0.0776	767	80000	1070	1080	76100	3840	1240	1300	0	4.6e+05	2.0283
0.0777	767	80000	1070	1080	76100	3840	1240	1300	0	4.6e+05	2.0281
0.0778	767	80000	1070	1080	76100	3840	1240	1300	0	4.6e+05	2.0279
0.0779	767	80000	1070	1080	76200	3840	1240	1300	0	4.6e+05	2.0277
0.078	767	80000	1070	1080	76200	3840	1240	1300	0	4.6e+05	2.0275
0.0781	767	80000	1070	1080	76200	3840	1240	1300	0	4.6e+05	2.0272
0.0782	767	80000	1070	1080	76200	3840	1240	1300	0	4.6e+05	2.027
0.0783	767	80100	1070	1080	76200	3840	1240	1300	0	4.6e+05	2.0268
0.0784	768	80100	1070	1080	76200	3840	1240	1300	0	4.6e+05	2.0266
0.0785	768	80100	1070	1080	76200	3840	1240	1300	0	4.6e+05	2.0264
0.0786	768	80100	1070	1080	76300	3840	1240	1300	0	4.6e+05	2.0262
0.0787	768	80100	1070	1080	76300	3840	1240	1300	0	4.6e+05	2.026
0.0788	768	80100	1070	1080	76300	3840	1240	1300	0	4.6e+05	2.0258
0.0789	768	80200	1070	1080	76300	3840	1240	1300	0	4.6e+05	2.0256
0.079	768	80200	1070	1080	76300	3840	1240	1300	0	4.6e+05	2.0254
0.0791	768	80200	1070	1080	76300	3840	1240	1300	0	4.6e+05	2.0252
0.0792	768	80200	1070	1080	76400	3840	1240	1300	0	4.6e+05	2.025
0.0793	769	80200	1070	1080	76400	3840	1240	1300	0	4.6e+05	2.0248
0.0794	769	80200	1070	1080	76400	3840	1240	1300	0	4.6e+05	2.0245
0.0795	769	80200	1070	1080	76400	3840	1240	1300	0	4.6e+05	2.0243
0.0796	769	80300	1070	1080	76400	3840	1240	1300	0	4.6e+05	2.0241
0.0797	769	80300	1070	1080	76400	3840	1240	1300	0	4.6e+05	2.0239
0.0798	769	80300	1070	1080	76400	3840	1240	1300	0	4.6e+05	2.0237
0.0799	769	80300	1070	1080	76500	3840	1240	1300	0	4.6e+05	2.0235
0.08	769	80300	1070	1080	76500	3840	1240	1300	0	4.6e+05	2.0232
0.0801	769	80300	1070	1080	76500	3840	1240	1300	0	4.6e+05	2.023
0.0802	770	80300	1070	1080	76500	3850	1240	1300	0	4.6e+05	2.0228
0.0803	770	80400	1070	1080	76500	3850	1240	1300	0	4.6e+05	2.0226
0.0804	770	80400	1070	1080	76500	3850	1240	1300	0	4.6e+05	2.0224
0.0805	770	80400	1070	1080	76500	3850	1240	1300	0	4.6e+05	2.0222
0.0806	770	80400	1070	1080	76600	3850	1240	1300	0	4.6e+05	2.022
0.0807	770	80400	1070	1080	76600	3850	1240	1300	0	4.6e+05	2.0218
0.0808	770	80400	1070	1080	76600	3850	1240	1300	0	4.6e+05	2.0216
0.0809	770	80500	1070	1080	76600	3850	1240	1300	0	4.6e+05	2.0214
0.081	770	80500	1070	1080	76600	3850	1240	1300	0	4.6e+05	2.0212
0.0811	771	80500	1070	1080	76600	3850	1240	1300	0	4.6e+05	2.021
0.0812	771	80500	1070	1080	76700	3850	1240	1300	0	4.6e+05	2.0208
0.0813	771	80500	1070	1080	76700	3850	1240	1300	0	4.6e+05	2.0205
0.0814	771	80500	1070	1080	76700	3850	1240	1300	0	4.6e+05	2.0203
0.0815	771	80500	1070	1080	76700	3850	1240	1300	0	4.6e+05	2.0201
0.0816	771	80600	1070	1080	76700	3850	1240	1300	0	4.6e+05	2.0199
0.0817	771	80600	1070	1080	76700	3850	1240	1300	0	4.6e+05	2.0197
0.0818	771	80600	1070	1080	76700	3850	1240	1300	0	4.6e+05	2.0195
0.0819	771	80600	1070	1080	76800	3850	1240	1300	0	4.6e+05	2.0192
0.082	772	80600	1080	1080	76800	3850	1240	1300	0	4.6e+05	2.019
0.0821	772	80600	1080	1080	76800	3850	1240	1300	0	4.6e+05	2.0188
0.0822	772	80700	1080	1080	76800	3850	1240	1300	0	4.6e+05	2.0186
0.0823	772	80700	1080	1080	76800	3850	1240	1300	0	4.6e+05	2.0184
0.0824	772	80700	1080	1080	76800	3850	1240	1300	0	4.6e+05	2.0182
0.0825	772	80700	1080	1080	76900	3850	1240	1300	0	4.6e+05	2.018
0.0826	772	80700	1080	1080	76900	3850	1250	1300	0	4.6e+05	2.0178
0.0827	772	80700	1080	1080	76900	3850	1250	1300	0	4.6e+05	2.0176
0.0828	772	80800	1080	1080	76900	3850	1250	1300	0	4.6e+05	2.0174
0.0829	773	80800	1080	1080	76900	3850	1250	1300	0	4.6e+05	2.0172
0.083	773	80800	1080	1080	76900	3850	1250	1300	0	4.6e+05	2.017
0.0831	773	80800	1080	1080	76900	3850	1250	1300	0	4.6e+05	2.0168
0.0832	773	80800	1080	1080	77000	3850	1250	1300	0	4.6e+05	2.0165
0.0833	773	80800	1080	1080	77000	3850	1250	1300	0	4.6e+05	2.0163
0.0834	773	80800	1080	1080	77000	3850	1250	1300	0	4.6e+05	2.0161
0.0835	773	80900	1080	1080	77000	3850	1250	1300	0	4.6e+05	2.0159
0.0836	773	80900	1080	1080	77000	3850	1250	1300	0	4.6e+05	2.0157
0.0837	773	80900	1080	1080	77000	3850	1250	1300	0	4.6e+05	2.0155
0.0838	774	80900	1080	1080	77000	3850	1250	1300	0	4.6e+05	2.0153
0.0839	774	80900	1080	1080	77100	3860	1250	1300	0	4.6e+05	2.0151
0.084	774	80900	1080	1080	77100	3860	1250	1300	0	4.6e+05	2.0149
0.0841	774	81000	1080	1080	77100	3860	1250	1300	0	4.6e+05	2.0147
0.0842	774	81000	1080	1080	77100	3860	1250	1300	0	4.6e+05	2.0145
0.0843	774	81000	1080	1080	77100	3860	1250	1300	0	4.61e+05	2.0143
0.0844	774	81000	1080	1080	77100	3860	1250	1300	0	4.61e+05	2.0141
0.0845	774	81000	1080	1080	77200	3860	1250	1300	0	4.61e+05	2.0138
0.0846	774	81000	1080	1080	77200	3860	1250	1300	0	4.61e+05	2.0136
0.0847	775	81000	1080	1080	77200	3860	1250	1300	0	4.61e+05	2.0134
0.0848	775	81100	1080	1080	77200	3860	1250	1300	0	4.61e+05	2.0132
0.0849	775	81100	1080	1080	77200	3860	1250	1300	0	4.61e+05	2.013
0.085	775	81100	1080	1080	77200	3860	1250	1300	0	4.61e+05	2.0128
0.0851	775	81100	1080	1080	77200	3860	1250	1300	0	4.61e+05	2.0126
0.0852	775	81100	1080	1080	77300	3860	1250	1300	0	4.61e+05	2.0124
0.0853	775	81100	1080	1080	77300	3860	1250	1300	0	4.61e+05	2.0122
0.0854	775	81200	1080	1080	77300	3860	1250	1300	0	4.61e+05	2.012
0.0855	775	81200	1080	1080	77300	3860	1250	1300	0	4.61e+05	2.0118
0.0856	776	81200	1080	1080	77300	3860	1250	1300	0	4.61e+05	2.0116
0.0857	776	81200	1080	1080	77300	3860	1250	1300	0	4.61e+05	2.0114
0.0858	776	81200	1080	1080	77400	3860	1250	1300	0	4.61e+05	2.0111
0.0859	776	81200	1080	1080	77400	3860	1250	1300	0	4.61e+05	2.0109
0.086	776	81200	1080	1080	77400	3860	1250	1300	0	4.61e+05	2.0107
0.0861	776	81300	1080	1080	77400	3860	1250	1300	0	4.61e+05	2.0105
0.0862	776	81300	1080	1080	77400	3860	1250	1300	0	4.61e+05	2.0103
0.0863	776	81300	1080	1080	77400	3860	1250	1300	0	4.61e+05	2.0101
0.0864	776	81300	1080	1080	77500	3860	1250	1300	0	4.61e+05	2.0099
0.0865	777	81300	1080	1080	77500	3860	1250	1300	0	4.61e+05	2.0097
0.0866	777	81300	1080	1080	77500	3860	1250	1300	0	4.61e+05	2.0095
0.0867	777	81400	1080	1080	77500	3860	1250	1300	0	4.61e+05	2.0093
0.0868	777	81400	1080	1080	77500	3860	1250	1300	0	4.61e+05	2.0091
0.0869	777	81400	1080	1080	77500	3860	1250	1300	0	4.61e+05	2.0089
0.087	777	81400	1080	1080	77500	3860	1250	1300	0	4.61e+05	2.0087
0.0871	777	81400	1080	1080	77600	3860	1250	1300	0	4.61e+05	2.0084
0.0872	777	81400	1080	1080	77600	3860	1250	1300	0	4.61e+05	2.0082
0.0873	777	81500	1080	1080	77600	3860	1250	1300	0	4.61e+05	2.008
0.0874	778	81500	1080	1080	77600	3860	1250	1300	0	4.61e+05	2.0078
0.0875	778	81500	1080	1080	77600	3860	1250	1300	0	4.61e+05	2.0076
0.0876	778	81500	1080	1080	77600	3860	1250	1300	0	4.61e+05	2.0074
0.0877	778	81500	1080	1080	77600	3870	1250	1300	0	4.61e+05	2.0072
0.0878	778	81500	1080	1080	77700	3870	1250	1300	0	4.61e+05	2.007
0.0879	778	81500	1080	1080	77700	3870	1250	1300	0	4.61e+05	2.0068
0.088	778	81600	1080	1080	77700	3870	1250	1300	0	4.61e+05	2.0066
0.0881	778	81600	1080	1080	77700	3870	1250	1300	0	4.61e+05	2.0064
0.0882	778	81600	1080	1080	77700	3870	1250	1300	0	4.61e+05	2.0062
0.0883	778	81600	1080	1080	77700	3870	1250	1300	0	4.61e+05	2.006
0.0884	779	81600	1080	1080	77800	3870	1250	1300	0	4.61e+05	2.0057
0.0885	779	81600	1080	1080	77800	3870	1250	1300	0	4.61e+05	2.0055
0.0886	779	81700	1080	1080	77800	3870	1250	1300	0	4.61e+05	2.0053
0.0887	779	81700	1080	1080	77800	3870	1250	1300	0	4.61e+05	2.0051
0.0888	779	81700	1080	1080	77800	3870	1250	1300	0	4.61e+05	2.005
0.0889	779	81700	1080	1080	77800	3870	1250	1300	0	4.61e+05	2.0048
0.089	779	81700	1080	1080	77800	3870	1250	1300	0	4.61e+05	2.0045
0.0891	779	81700	1080	1080	77900	3870	1250	1300	0	4.61e+05	2.0043
0.0892	780	81700	1080	1080	77900	3870	1250	1300	0	4.61e+05	2.0041
0.0893	780	81800	1080	1080	77900	3870	1250	1310	0	4.61e+05	2.0039
0.0894	780	81800	1080	1080	77900	3870	1250	1310	0	4.61e+05	2.0037
0.0895	780	81800	1080	1080	77900	3870	1250	1310	0	4.61e+05	2.0035
0.0896	780	81800	1080	1080	77900	3870	1250	1310	0	4.62e+05	2.0033
0.0897	780	81800	1080	1080	78000	3870	1250	1310	0	4.62e+05	2.0031
0.0898	780	81800	1080	1080	78000	3870	1250	1310	0	4.62e+05	2.0029
0.0899	780	81900	1080	1080	78000	3870	1250	1310	0	4.62e+05	2.0027
0.09	780	81900	1080	1080	78000	3870	1250	1310	0	4.62e+05	2.0025
0.0901	781	81900	1080	1080	78000	3870	1250	1310	0	4.62e+05	2.0021
0.0902	781	82000	1080	1080	78100	3870	1250	1310	0	4.62e+05	2.0016
0.0903	781	82000	1080	1080	78200	3870	1250	1310	0	4.62e+05	2.0008
0.0904	782	82100	1080	1080	78200	3870	1250	1310	0	4.63e+05	2.0003
0.0905	782	82100	1080	1080	78300	3880	1250	1310	0	4.63e+05	1.9997
0.0906	782	82200	1080	1080	78300	3880	1250	1310	0	4.63e+05	1.9991
0.0907	783	82200	1080	1080	78400	3880	1250	1310	0	4.63e+05	1.9986
0.0908	783	82300	1080	1080	78400	3880	1250	1310	0	4.63e+05	1.998
0.0909	783	82400	1080	1080	78500	3880	1250	1310	0	4.64e+05	1.9973
0.091	784	82400	1080	1080	78500	3880	1250	1310	0	4.64e+05	1.9967
0.0911	784	82500	1080	1080	78600	3880	1250	1310	0	4.64e+05	1.9961
0.0912	784	82500	1080	1090	78600	3880	1250	1310	0	4.65e+05	1.9956
0.0913	784	82600	1080	1090	78700	3880	1250	1310	0	4.65e+05	1.995
0.0914	785	82600	1080	1090	78700	3880	1250	1310	0	4.65e+05	1.9945
0.0915	785	82700	1080	1090	78800	3880	1250	1310	0	4.65e+05	1.9939
0.0916	785	82700	1080	1090	78800	3890	1250	1310	0	4.66e+05	1.9932
0.0917	786	82800	1080	1090	78900	3890	1250	1310	0	4.66e+05	1.9926
0.0918	786	82800	1080	1090	78900	3890	1250	1310	0	4.66e+05	1.9921
0.0919	786	82900	1080	1090	79000	3890	1250	1310	0	4.66e+05	1.9915
0.092	787	82900	1080	1090	79100	3890	1250	1310	0	4.66e+05	1.9909
0.0921	787	83000	1080	1090	79100	3890	1260	1310	0	4.67e+05	1.9904
0.0922	787	83100	1080	1090	79200	3890	1260	1310	0	4.67e+05	1.9897
0.0923	788	83100	1080	1090	79200	3890	1260	1310	0	4.67e+05	1.9891
0.0924	788	83200	1080	1090	79300	3890	1260	1310	0	4.68e+05	1.9885
0.0925	788	83200	1080	1090	79300	3890	1260	1310	0	4.68e+05	1.988
0.0926	789	83300	1080	1090	79400	3890	1260	1310	0	4.68e+05	1.9874
0.0927	789	83300	1080	1090	79400	3900	1260	1310	0	4.68e+05	1.9869
0.0928	789	83400	1080	1090	79500	3900	1260	1310	0	4.69e+05	1.9862
0.0929	790	83400	1080	1090	79500	3900	1260	1310	0	4.69e+05	1.9856
0.093	790	83500	1080	1090	79600	3900	1260	1310	0	4.69e+05	1.9851
0.0931	790	83500	1080	1090	79600	3900	1260	1310	0	4.69e+05	1.9845
0.0932	791	83600	1090	1090	79700	3900	1260	1310	0	4.7e+05	1.984
0.0933	791	83700	1090	1090	79700	3900	1260	1310	0	4.7e+05	1.9834
0.0934	791	83700	1090	1090	79800	3900	1260	1310	0	4.7e+05	1.9829
0.0935	792	83800	1090	1090	79900	3900	1260	1310	0	4.7e+05	1.9821
0.0936	792	83800	1090	1090	79900	3900	1260	1310	0	4.71e+05	1.9816
0.0937	792	83900	1090	1090	80000	3910	1260	1310	0	4.71e+05	1.981
0.0938	792	83900	1090	1090	80000	3910	1260	1310	0	4.71e+05	1.9805
0.0939	793	84000	1090	1090	80100	3910	1260	1310	0	4.71e+05	1.9799
0.094	793	84000	1090	1090	80100	3910	1260	1310	0	4.71e+05	1.9794
0.0941	793	84100	1090	1090	80200	3910	1260	1310	0	4.72e+05	1.9787
0.0942	794	84200	1090	1090	80200	3910	1260	1310	0	4.72e+05	1.9781
0.0943	794	84200	1090	1090	80300	3910	1260	1310	0	4.72e+05	1.9776
0.0944	794	84300	1090	1090	80300	3910	1260	1310	0	4.73e+05	1.977
0.0945	795	84300	1090	1090	80400	3910	1260	1310	0	4.73e+05	1.9765
0.0946	795	84400	1090	1090	80400	3910	1260	1310	0	4.73e+05	1.9759
0.0947	795	84400	1090	1090	80500	3910	1260	1310	0	4.73e+05	1.9754
0.0948	796	84500	1090	1090	80600	3920	1260	1310	0	4.74e+05	1.9747
0.0949	796	84500	1090	1090	80600	3920	1260	1320	0	4.74e+05	1.9741
0.095	796	84600	1090	1090	80700	3920	1260	1320	0	4.74e+05	1.9736
0.0951	797	84600	1090	1090	80700	3920	1260	1320	0	4.74e+05	1.973
0.0952	797	84700	1090	1090	80800	3920	1260	1320	0	4.74e+05	1.9725
0.0953	797	84700	1090	1090	80800	3920	1260	1320	0	4.75e+05	1.972
0.0954	798	84800	1090	1090	80900	3920	1260	1320	0	4.75e+05	1.9712
0.0955	798	84900	1090	1090	80900	3920	1260	1320	0	4.75e+05	1.9707
0.0956	798	84900	1090	1090	81000	3920	1260	1320	0	4.76e+05	1.9702
0.0957	799	85000	1090	1090	81000	3920	1260	1320	0	4.76e+05	1.9696
0.0958	799	85000	1090	1090	81100	3920	1260	1320	0	4.76e+05	1.9691
0.0959	799	85100	1090	1090	81200	3930	1260	1320	0	4.76e+05	1.9685
0.096	800	85100	1090	1090	81200	3930	1260	1320	0	4.77e+05	1.9678
0.0961	800	85200	1090	1090	81300	3930	1260	1320	0	4.77e+05	1.9673
0.0962	800	85300	1090	1090	81300	3930	1260	1320	0	4.77e+05	1.9667
0.0963	800	85300	1090	1090	81400	3930	1260	1320	0	4.77e+05	1.9662
0.0964	801	85400	1090	1090	81400	3930	1260	1320	0	4.77e+05	1.9657
0.0965	801	85400	1090	1090	81500	3930	1260	1320	0	4.78e+05	1.9651
0.0966	801	85500	1090	1100	81500	3930	1260	1320	0	4.78e+05	1.9646
0.0967	802	85500	1090	1100	81600	3930	1270	1320	0	4.78e+05	1.9639
0.0968	802	85600	1090	1100	81600	3930	1270	1320	0	4.79e+05	1.9633
0.0969	802	85600	1090	1100	81700	3930	1270	1320	0	4.79e+05	1.9628
0.097	803	85700	1090	1100	81800	3940	1270	1320	0	4.79e+05	1.9623
0.0971	803	85700	1090	1100	81800	3940	1270	1320	0	4.79e+05	1.9617
0.0972	803	85800	1090	1100	81900	3940	1270	1320	0	4.79e+05	1.9612
0.0973	804	85900	1090	1100	81900	3940	1270	1320	0	4.8e+05	1.9605
0.0974	804	85900	1090	1100	82000	3940	1270	1320	0	4.8e+05	1.96
0.0975	804	86000	1090	1100	82000	3940	1270	1320	0	4.8e+05	1.9594
0.0976	805	86000	1090	1100	82100	3940	1270	1320	0	4.8e+05	1.9589
0.0977	805	86100	1090	1100	82100	3940	1270	1320	0	4.81e+05	1.9584
0.0978	805	86100	1090	1100	82200	3940	1270	1320	0	4.81e+05	1.9578
0.0979	805	86200	1090	1100	82200	3940	1270	1320	0	4.81e+05	1.9573
0.098	806	86200	1090	1100	82300	3940	1270	1320	0	4.82e+05	1.9566
0.0981	806	86300	1090	1100	82400	3950	1270	1320	0	4.82e+05	1.9561
0.0982	806	86300	1090	1100	82400	3950	1270	1320	0	4.82e+05	1.9555
0.0983	807	86400	1090	1100	82500	3950	1270	1320	0	4.82e+05	1.955
0.0984	807	86500	1090	1100	82500	3950	1270	1320	0	4.82e+05	1.9545
0.0985	807	86500	1090	1100	82600	3950	1270	1320	0	4.83e+05	1.954
0.0986	808	86600	1090	1100	82600	3950	1270	1320	0	4.83e+05	1.9533
0.0987	808	86600	1100	1100	82700	3950	1270	1320	0	4.83e+05	1.9527
0.0988	808	86700	1100	1100	82700	3950	1270	1320	0	4.83e+05	1.9522
0.0989	809	86700	1100	1100	82800	3950	1270	1320	0	4.84e+05	1.9517
0.099	809	86800	1100	1100	82800	3950	1270	1320	0	4.84e+05	1.9511
0.0991	809	86800	1100	1100	82900	3950	1270	1320	0	4.84e+05	1.9506
0.0992	810	86900	1100	1100	83000	3960	1270	1320	0	4.85e+05	1.9499
0.0993	810	87000	1100	1100	83000	3960	1270	1320	0	4.85e+05	1.9494
0.0994	810	87000	1100	1100	83100	3960	1270	1320	0	4.85e+05	1.9489
0.0995	811	87100	1100	1100	83100	3960	1270	1320	0	4.85e+05	1.9483
0.0996	811	87100	1100	1100	83200	3960	1270	1320	0	4.85e+05	1.9478
0.0997	811	87200	1100	1100	83200	3960	1270	1320	0	4.86e+05	1.9473
0.0998	811	87200	1100	1100	83300	3960	1270	1320	0	4.86e+05	1.9468
0.0999	812	87300	1100	1100	83300	3960	1270	1320	0	4.86e+05	1.9461
0.1	812	87300	1100	1100	83400	3960	1270	1320	0	4.86e+05	1.9456
0.101	814	87600	1100	1100	83700	3970	1270	1330	0	4.88e+05	1.9426
0.102	817	88200	1100	1100	84200	3980	1280	1330	0	4.9e+05	1.9371
0.103	820	88700	1100	1110	84800	3980	1280	1330	0	4.93e+05	1.9318
0.104	823	89300	1100	1110	85300	3990	1280	1330	0	4.95e+05	1.9263
0.105	826	89900	1110	1110	85900	4000	1280	1330	0	4.98e+05	1.9211
0.106	830	90400	1110	1110	86400	4010	1280	1340	0	5e+05	1.9157
0.107	833	91000	1110	1110	86900	4020	1290	1340	0	5.03e+05	1.9105
0.108	836	91500	1110	1110	87500	4030	1290	1340	0	5.05e+05	1.9053
0.109	839	92100	1110	1120	88100	4040	1290	1340	0	5.07e+05	1.9
0.11	842	92600	1110	1120	88600	4050	1290	1340	0	5.1e+05	1.8949
0.111	843	92800	1110	1120	88700	4050	1290	1340	0	5.1e+05	1.8933
0.112	842	92500	1110	1120	88500	4040	1290	1340	0	5.08e+05	1.895
0.113	841	92300	1110	1120	88200	4040	1290	1340	0	5.06e+05	1.8968
0.114	840	92000	1110	1120	88000	4040	1290	1340	0	5.04e+05	1.8985
0.115	839	91800	1110	1120	87700	4030	1290	1340	0	5.02e+05	1.9003
0.116	837	91500	1110	1110	87500	4030	1290	1340	0	5e+05	1.9021
0.117	836	91300	1110	1110	87200	4020	1290	1340	0	4.98e+05	1.9038
0.118	835	91000	1110	1110	87000	4020	1290	1340	0	4.96e+05	1.9056
0.119	834	90800	1110	1110	86700	4020	1290	1340	0	4.94e+05	1.9074
0.12	833	90500	1110	1110	86500	4010	1290	1340	0	4.92e+05	1.9092
0.121	832	90300	1110	1110	86300	4010	1290	1340	0	4.9e+05	1.911
0.122	831	90000	1110	1110	86000	4000	1280	1340	0	4.88e+05	1.9128
0.123	830	89800	1110	1110	85800	4000	1280	1340	0	4.86e+05	1.9146
0.124	829	89500	1100	1110	85500	4000	1280	1330	0	4.84e+05	1.9164
0.125	828	89300	1100	1110	85300	3990	1280	1330	0	4.82e+05	1.9183
0.126	826	89000	1100	1110	85000	3990	1280	1330	0	4.81e+05	1.92
0.127	825	88800	1100	1110	84800	3990	1280	1330	0	4.79e+05	1.9219
0.128	824	88500	1100	1110	84600	3980	1280	1330	0	4.77e+05	1.9237
0.129	823	88300	1100	1100	84300	3980	1280	1330	0	4.75e+05	1.9255
0.13	822	88100	1100	1100	84100	3970	1280	1330	0	4.73e+05	1.9273
0.131	822	87900	1100	1100	84000	3970	1280	1330	0	4.72e+05	1.928
0.132	822	88000	1100	1100	84000	3970	1280	1330	0	4.72e+05	1.9274
0.133	822	88000	1100	1100	84000	3970	1280	1330	0	4.71e+05	1.9267
0.134	823	88000	1100	1100	84100	3970	1280	1330	0	4.71e+05	1.9261
0.135	823	88100	1100	1100	84100	3970	1280	1330	0	4.71e+05	1.9255
0.136	823	88100	1100	1100	84100	3970	1280	1330	0	4.7e+05	1.9249
0.137	824	88100	1100	1100	84100	3970	1280	1330	0	4.7e+05	1.9243
0.138	824	88100	1100	1100	84200	3980	1280	1330	0	4.7e+05	1.9236
0.139	824	88200	1100	1100	84200	3980	1280	1330	0	4.7e+05	1.923
0.14	825	88200	1100	1100	84200	3980	1280	1330	0	4.69e+05	1.9224
0.141	825	88200	1100	1100	84300	3980	1280	1330	0	4.69e+05	1.9218
0.142	825	88300	1100	1100	84300	3980	1280	1330	0	4.69e+05	1.9212
0.143	826	88300	1100	1100	84300	3980	1280	1330	0	4.68e+05	1.9206
0.144	826	88300	1100	1100	84400	3980	1280	1330	0	4.68e+05	1.9199
0.145	826	88400	1100	1100	84400	3980	1280	1330	0	4.68e+05	1.9193
0.146	827	88400	1100	1100	84400	3980	1280	1330	0	4.68e+05	1.9187
0.147	827	88400	1100	1100	84400	3980	1280	1330	0	4.67e+05	1.9181
0.148	828	88500	1100	1100	84500	3980	1280	1330	0	4.67e+05	1.9175
0.149	828	88500	1100	1100	84500	3980	1280	1330	0	4.67e+05	1.9169
0.15	828	88500	1100	1110	84500	3980	1280	1330	0	4.67e+05	1.9163
0.151	830	88900	1100	1110	84900	3990	1280	1330	0	4.68e+05	1.9129
0.152	834	89500	1100	1110	85500	4000	1290	1340	0	4.71e+05	1.9065
0.153	838	90200	1110	1110	86200	4010	1290	1340	0	4.74e+05	1.9005
0.154	841	90900	1110	1110	86800	4020	1290	1340	0	4.77e+05	1.8943
0.155	845	91500	1110	1110	87500	4030	1290	1340	0	4.8e+05	1.8883
0.156	849	92200	1110	1120	88100	4040	1300	1350	0	4.84e+05	1.8822
0.157	852	92900	1110	1120	88800	4050	1300	1350	0	4.87e+05	1.8762
0.158	856	93500	1120	1120	89500	4060	1300	1350	0	4.9e+05	1.8704
0.159	859	94200	1120	1120	90100	4070	1300	1350	0	4.93e+05	1.8644
0.16	863	94900	1120	1120	90800	4080	1310	1350	0	4.96e+05	1.8587
0.161	867	95500	1120	1130	91400	4090	1310	1360	0	4.99e+05	1.8528
0.162	870	96200	1120	1130	92100	4100	1310	1360	0	5.02e+05	1.8472
0.163	874	96900	1130	1130	92800	4110	1310	1360	0	5.05e+05	1.8414
0.164	877	97500	1130	1130	93400	4120	1320	1360	0	5.08e+05	1.8359
0.165	881	98200	1130	1130	94100	4130	1320	1370	0	5.11e+05	1.8302
0.166	884	98900	1130	1140	94700	4140	1320	1370	0	5.14e+05	1.8246
0.167	888	99500	1130	1140	95400	4150	1320	1370	0	5.17e+05	1.8191
0.168	891	1e+05	1140	1140	96100	4160	1320	1370	0	5.2e+05	1.8136
0.169	895	1.01e+05	1140	1140	96700	4170	1330	1370	0	5.23e+05	1.8083
0.17	898	1.02e+05	1140	1140	97400	4180	1330	1380	0	5.26e+05	1.8028
0.171	916	1.05e+05	1150	1150	1.01e+05	4230	1340	1390	0	5.43e+05	1.7768
0.172	947	1.12e+05	1170	1170	1.07e+05	4320	1360	1410	0	5.75e+05	1.7306
0.173	977	1.18e+05	1190	1190	1.14e+05	4400	1380	1420	0	6.06e+05	1.6872
0.174	1010	1.24e+05	1200	1210	1.2e+05	4480	1400	1440	0	6.35e+05	1.6474
0.175	1030	1.31e+05	1220	1220	1.26e+05	4560	1420	1460	0	6.64e+05	1.6086
0.176	1060	1.37e+05	1230	1240	1.32e+05	4630	1440	1480	0	6.92e+05	1.5728
0.177	1090	1.43e+05	1250	1250	1.39e+05	4710	1460	1490	0	7.2e+05	1.5376
0.178	1110	1.49e+05	1260	1260	1.45e+05	4770	1470	1510	0	7.46e+05	1.5051
0.179	1140	1.55e+05	1270	1280	1.51e+05	4840	1490	1520	0	7.71e+05	1.4729
0.18	1160	1.61e+05	1280	1290	1.56e+05	4890	1500	1530	0	7.95e+05	1.443
0.181	1180	1.67e+05	1300	1300	1.62e+05	4950	1520	1550	0	8.19e+05	1.4133
0.182	1210	1.73e+05	1310	1310	1.68e+05	5010	1530	1560	0	8.42e+05	1.3847
0.183	1230	1.78e+05	1320	1320	1.73e+05	5060	1540	1570	0	8.63e+05	1.358
0.184	1250	1.83e+05	1330	1330	1.78e+05	5110	1560	1580	0	8.84e+05	1.3314
0.185	1270	1.88e+05	1340	1340	1.83e+05	5150	1570	1590	0	9.03e+05	1.3065
0.186	1290	1.93e+05	1340	1350	1.87e+05	5190	1580	1600	0	9.22e+05	1.2816
0.187	1300	1.97e+05	1350	1360	1.92e+05	5230	1590	1610	0	9.39e+05	1.2581
0.188	1320	2.01e+05	1360	1360	1.96e+05	5270	1600	1620	0	9.55e+05	1.2347
0.189	1340	2.05e+05	1370	1370	2e+05	5300	1600	1630	0	9.71e+05	1.2119
0.19	1350	2.09e+05	1370	1380	2.04e+05	5330	1610	1630	0	9.85e+05	1.1905
0.191	1360	2.12e+05	1380	1380	2.06e+05	5360	1620	1640	0	9.95e+05	1.1734
0.192	1370	2.14e+05	1380	1380	2.08e+05	5370	1620	1640	0	1e+06	1.1613
0.193	1380	2.15e+05	1380	1390	2.1e+05	5390	1620	1650	0	1.01e+06	1.1489
0.194	1380	2.17e+05	1380	1390	2.12e+05	5400	1630	1650	0	1.01e+06	1.1372
0.195	1390	2.19e+05	1390	1390	2.13e+05	5410	1630	1650	0	1.02e+06	1.1253
0.196	1400	2.2e+05	1390	1400	2.15e+05	5420	1630	1650	0	1.02e+06	1.1139
0.197	1410	2.22e+05	1390	1400	2.16e+05	5440	1640	1660	0	1.03e+06	1.1023
0.198	1410	2.23e+05	1390	1400	2.17e+05	5450	1640	1660	0	1.03e+06	1.0908
0.199	1420	2.24e+05	1400	1400	2.19e+05	5450	1640	1660	0	1.04e+06	1.0799
0.2	1420	2.25e+05	1400	1400	2.2e+05	5460	1640	1660	0	1.04e+06	1.0688
0.201	1430	2.26e+05	1400	1400	2.2e+05	5470	1640	1660	0	1.05e+06	1.0581
0.202	1430	2.27e+05	1400	1410	2.21e+05	5480	1640	1660	0	1.05e+06	1.0473
0.203	1440	2.27e+05	1400	1410	2.22e+05	5480	1650	1660	0	1.05e+06	1.037
0.204	1440	2.28e+05	1400	1410	2.23e+05	5490	1650	1660	0	1.05e+06	1.0264
0.205	1450	2.29e+05	1400	1410	2.23e+05	5490	1650	1660	0	1.05e+06	1.0163
0.206	1450	2.29e+05	1400	1410	2.23e+05	5490	1650	1660	0	1.06e+06	1.006
0.207	1450	2.29e+05	1400	1410	2.24e+05	5500	1650	1660	0	1.06e+06	0.99588
0.208	1460	2.29e+05	1400	1410	2.24e+05	5500	1650	1660	0	1.06e+06	0.98616
0.209	1460	2.29e+05	1400	1410	2.24e+05	5500	1650	1660	0	1.06e+06	0.97623
0.21	1460	2.29e+05	1400	1410	2.24e+05	5500	1640	1660	0	1.06e+06	0.96674
0.211	1460	2.29e+05	1400	1410	2.24e+05	5490	1640	1660	0	1.06e+06	0.96203
0.212	1460	2.29e+05	1400	1410	2.23e+05	5490	1640	1660	0	1.05e+06	0.96237
0.213	1460	2.29e+05	1400	1410	2.23e+05	5490	1640	1660	0	1.05e+06	0.96272
0.214	1460	2.29e+05	1400	1410	2.23e+05	5490	1640	1660	0	1.05e+06	0.96308
0.215	1460	2.29e+05	1400	1410	2.23e+05	5490	1640	1660	0	1.05e+06	0.96342
0.216	1460	2.29e+05	1400	1410	2.23e+05	5490	1640	1660	0	1.05e+06	0.96377
0.217	1460	2.29e+05	1400	1410	2.23e+05	5490	1640	1660	0	1.05e+06	0.96412
0.218	1460	2.28e+05	1400	1410	2.23e+05	5490	1640	1660	0	1.05e+06	0.96447
0.219	1460	2.28e+05	1400	1410	2.23e+05	5490	1640	1660	0	1.05e+06	0.96482
0.22	1460	2.28e+05	1400	1410	2.23e+05	5490	1640	1660	0	1.05e+06	0.96517
0.221	1460	2.28e+05	1400	1410	2.23e+05	5490	1640	1660	0	1.05e+06	0.96552
0.222	1460	2.28e+05	1400	1410	2.23e+05	5490	1640	1660	0	1.04e+06	0.96587
0.223	1460	2.28e+05	1400	1410	2.23e+05	5490	1640	1660	0	1.04e+06	0.96623
0.224	1460	2.28e+05	1400	1410	2.22e+05	5490	1640	1660	0	1.04e+06	0.96657
0.225	1460	2.28e+05	1400	1410	2.22e+05	5490	1640	1660	0	1.04e+06	0.96905
0.226	1460	2.28e+05	1400	1410	2.22e+05	5480	1640	1660	0	1.04e+06	0.97146
0.227	1460	2.28e+05	1400	1410	2.22e+05	5480	1640	1660	0	1.04e+06	0.97396
0.228	1460	2.28e+05	1400	1410	2.22e+05	5480	1640	1660	0	1.04e+06	0.97639
0.229	1460	2.28e+05	1400	1410	2.22e+05	5480	1640	1660	0	1.04e+06	0.9789
0.23	1460	2.27e+05	1400	1410	2.22e+05	5480	1650	1660	0	1.04e+06	0.98143
0.231	1400	2.08e+05	1370	1370	2.03e+05	5320	1620	1660	33.1	8.73e+05	1.1203
0.232	1400	2.08e+05	1370	1370	2.02e+05	5320	1620	1660	33.1	8.73e+05	1.1198
0.233	1400	2.08e+05	1370	1370	2.02e+05	5320	1620	1660	33.1	8.72e+05	1.1193
0.234	1400	2.08e+05	1370	1370	2.02e+05	5320	1620	1660	33.1	8.71e+05	1.1188
0.235	1400	2.08e+05	1370	1370	2.02e+05	5320	1620	1660	33.1	8.7e+05	1.1183
0.236	1400	2.07e+05	1370	1370	2.02e+05	5320	1620	1660	33.1	8.7e+05	1.1178
0.237	1400	2.07e+05	1370	1370	2.02e+05	5320	1620	1660	33.1	8.69e+05	1.1173
0.238	1400	2.07e+05	1370	1370	2.02e+05	5320	1620	1660	33.1	8.68e+05	1.1168
0.239	1400	2.07e+05	1370	1370	2.02e+05	5320	1620	1660	33.1	8.68e+05	1.1163
0.24	1400	2.07e+05	1370	1370	2.02e+05	5320	1620	1660	33.1	8.67e+05	1.1159
0.241	1400	2.07e+05	1370	1370	2.02e+05	5320	1620	1660	33	8.67e+05	1.1154
0.242	1400	2.07e+05	1370	1370	2.02e+05	5320	1620	1660	33	8.66e+05	1.1149
0.243	1400	2.07e+05	1370	1370	2.02e+05	5320	1620	1660	33	8.65e+05	1.1144
0.244	1400	2.07e+05	1370	1370	2.02e+05	5320	1620	1660	33	8.65e+05	1.1139
0.245	1400	2.07e+05	1370	1370	2.02e+05	5320	1620	1660	33	8.64e+05	1.1134
0.246	1400	2.07e+05	1370	1370	2.01e+05	5310	1620	1660	33	8.63e+05	1.1129
0.247	1400	2.07e+05	1370	1370	2.01e+05	5310	1620	1660	33	8.63e+05	1.1125
0.248	1400	2.07e+05	1370	1370	2.01e+05	5310	1620	1660	33	8.62e+05	1.112
0.249	1400	2.07e+05	1370	1370	2.01e+05	5310	1620	1660	33	8.61e+05	1.1115
0.25	1400	2.07e+05	1370	1370	2.01e+05	5310	1620	1660	33	8.61e+05	1.111
0.251	1400	2.06e+05	1370	1370	2.01e+05	5310	1620	1660	32.9	8.6e+05	1.1099
0.252	1400	2.06e+05	1370	1370	2.01e+05	5310	1620	1660	32.9	8.6e+05	1.1083
0.253	1400	2.06e+05	1370	1370	2.01e+05	5310	1620	1660	32.9	8.59e+05	1.1066
0.254	1400	2.06e+05	1370	1370	2.01e+05	5310	1620	1660	32.9	8.59e+05	1.1049
0.255	1400	2.06e+05	1370	1370	2.01e+05	5310	1620	1660	32.8	8.58e+05	1.1033
0.256	1410	2.06e+05	1370	1370	2.01e+05	5310	1620	1660	32.8	8.57e+05	1.1016
0.257	1410	2.06e+05	1370	1370	2.01e+05	5310	1620	1650	32.8	8.57e+05	1.1
0.258	1410	2.06e+05	1370	1370	2.01e+05	5310	1620	1650	32.8	8.56e+05	1.0983
0.259	1410	2.06e+05	1370	1370	2.01e+05	5310	1620	1650	32.7	8.56e+05	1.0967
0.26	1410	2.06e+05	1370	1370	2.01e+05	5310	1620	1650	32.7	8.55e+05	1.095
0.261	1410	2.06e+05	1370	1370	2e+05	5310	1620	1650	32.7	8.55e+05	1.0934
0.262	1410	2.06e+05	1370	1370	2e+05	5310	1620	1650	32.6	8.54e+05	1.0918
0.263	1410	2.06e+05	1370	1370	2e+05	5300	1620	1650	32.6	8.54e+05	1.0901
0.264	1410	2.06e+05	1370	1370	2e+05	5300	1620	1650	32.6	8.53e+05	1.0885
0.265	1410	2.05e+05	1370	1370	2e+05	5300	1620	1650	32.5	8.52e+05	1.0869
0.266	1410	2.05e+05	1370	1370	2e+05	5300	1620	1650	32.5	8.52e+05	1.0852
0.267	1410	2.05e+05	1370	1370	2e+05	5300	1620	1650	32.5	8.51e+05	1.0836
0.268	1410	2.05e+05	1370	1370	2e+05	5300	1620	1650	32.4	8.5e+05	1.0823
0.269	1400	2.05e+05	1360	1370	2e+05	5300	1620	1660	33.1	8.46e+05	1.1272
0.27	1380	2.03e+05	1360	1370	1.98e+05	5280	1620	1660	33.2	8.36e+05	1.176
0.271	1370	2.02e+05	1360	1360	1.96e+05	5270	1620	1660	33.1	8.31e+05	1.1956
0.272	1370	2.02e+05	1360	1370	1.97e+05	5280	1620	1660	33.1	8.33e+05	1.1856
0.273	1380	2.03e+05	1360	1370	1.97e+05	5280	1620	1660	33.2	8.35e+05	1.1753
0.274	1380	2.03e+05	1360	1370	1.98e+05	5280	1620	1660	33.2	8.37e+05	1.1655
0.275	1390	2.04e+05	1360	1370	1.98e+05	5290	1620	1660	33.2	8.38e+05	1.1554
0.276	1390	2.04e+05	1360	1370	1.99e+05	5290	1620	1660	33.1	8.4e+05	1.1458
0.277	1390	2.04e+05	1360	1370	1.99e+05	5290	1620	1660	33.1	8.41e+05	1.1359
0.278	1400	2.04e+05	1360	1370	1.99e+05	5290	1620	1660	33	8.41e+05	1.1265
0.279	1400	2.04e+05	1360	1370	1.99e+05	5290	1620	1660	32.9	8.42e+05	1.1168
0.28	1400	2.04e+05	1360	1370	1.99e+05	5290	1620	1660	32.8	8.42e+05	1.1073
0.281	1410	2.04e+05	1360	1370	1.99e+05	5290	1620	1650	32.7	8.42e+05	1.0981
0.282	1410	2.04e+05	1360	1370	1.99e+05	5290	1620	1650	32.5	8.42e+05	1.0887
0.283	1410	2.04e+05	1360	1370	1.99e+05	5290	1620	1650	32.3	8.42e+05	1.0797
0.284	1410	2.04e+05	1360	1370	1.99e+05	5290	1620	1650	32.1	8.41e+05	1.0705
0.285	1410	2.04e+05	1360	1370	1.98e+05	5290	1620	1650	31.9	8.4e+05	1.0616
0.286	1420	2.03e+05	1360	1370	1.98e+05	5280	1610	1650	31.7	8.39e+05	1.0526
0.287	1420	2.03e+05	1360	1370	1.98e+05	5280	1610	1640	31.4	8.38e+05	1.0436
0.288	1420	2.02e+05	1360	1370	1.97e+05	5280	1610	1640	31.1	8.36e+05	1.0349
0.289	1420	2.02e+05	1360	1360	1.96e+05	5270	1610	1640	30.8	8.35e+05	1.0261
0.29	1420	2.01e+05	1360	1360	1.96e+05	5270	1610	1640	30.5	8.33e+05	1.0176
0.291	1420	2.01e+05	1360	1360	1.95e+05	5260	1610	1640	30.4	8.32e+05	1.0143
0.292	1420	2.01e+05	1360	1360	1.96e+05	5260	1610	1640	30.4	8.31e+05	1.0163
0.293	1420	2.01e+05	1360	1360	1.96e+05	5260	1610	1640	30.5	8.31e+05	1.0184
0.294	1420	2.01e+05	1360	1360	1.96e+05	5270	1610	1640	30.6	8.31e+05	1.0204
0.295	1420	2.01e+05	1360	1360	1.96e+05	5270	1610	1640	30.7	8.31e+05	1.0225
0.296	1420	2.01e+05	1360	1360	1.96e+05	5270	1610	1640	30.7	8.3e+05	1.0247
0.297	1420	2.01e+05	1360	1360	1.96e+05	5270	1610	1640	30.8	8.3e+05	1.0267
0.298	1420	2.01e+05	1360	1360	1.96e+05	5270	1610	1640	30.9	8.3e+05	1.0288
0.299	1420	2.01e+05	1360	1360	1.96e+05	5270	1610	1640	31	8.3e+05	1.0309
0.3	1420	2.01e+05	1360	1360	1.96e+05	5270	1610	1640	31	8.29e+05	1.033
0.301	1420	2.01e+05	1360	1360	1.96e+05	5270	1610	1640	31.1	8.29e+05	1.035
0.302	1420	2.02e+05	1360	1370	1.97e+05	5280	1610	1640	31.4	8.3e+05	1.0365
0.303	1420	2.03e+05	1360	1370	1.98e+05	5280	1620	1650	31.7	8.32e+05	1.0379
0.304	1420	2.04e+05	1360	1370	1.98e+05	5290	1620	1650	32.1	8.33e+05	1.0394
0.305	1430	2.04e+05	1360	1370	1.99e+05	5290	1620	1650	32.4	8.34e+05	1.0409
0.306	1430	2.05e+05	1360	1370	2e+05	5300	1620	1650	32.6	8.35e+05	1.0424
0.307	1430	2.06e+05	1370	1370	2e+05	5300	1630	1660	32.9	8.36e+05	1.044
0.308	1430	2.06e+05	1370	1370	2.01e+05	5310	1630	1660	33.2	8.37e+05	1.0456
0.309	1430	2.07e+05	1370	1370	2.01e+05	5310	1630	1660	33.5	8.37e+05	1.0471
0.31	1430	2.07e+05	1370	1370	2.02e+05	5320	1630	1660	33.7	8.38e+05	1.0487
0.311	1430	2.08e+05	1370	1370	2.03e+05	5320	1630	1660	34	8.39e+05	1.0489
0.312	1440	2.08e+05	1370	1380	2.03e+05	5330	1630	1670	34.2	8.4e+05	1.0476
0.313	1440	2.09e+05	1370	1380	2.04e+05	5330	1640	1670	34.4	8.41e+05	1.0464
0.314	1440	2.09e+05	1370	1380	2.04e+05	5340	1640	1670	34.5	8.41e+05	1.0451
0.315	1440	2.1e+05	1370	1380	2.04e+05	5340	1640	1670	34.7	8.42e+05	1.0439
0.316	1440	2.1e+05	1370	1380	2.05e+05	5340	1640	1670	34.9	8.43e+05	1.0426
0.317	1450	2.11e+05	1370	1380	2.05e+05	5350	1640	1670	35.1	8.43e+05	1.0414
0.318	1450	2.11e+05	1380	1380	2.06e+05	5350	1640	1680	35.3	8.44e+05	1.0401
0.319	1450	2.12e+05	1380	1380	2.06e+05	5360	1650	1680	35.5	8.45e+05	1.0389
0.32	1450	2.12e+05	1380	1380	2.07e+05	5360	1650	1680	35.7	8.45e+05	1.0376
0.321	1450	2.13e+05	1380	1380	2.07e+05	5360	1650	1680	35.9	8.46e+05	1.0364
0.322	1450	2.13e+05	1380	1380	2.08e+05	5370	1650	1680	36.1	8.47e+05	1.0351
0.323	1460	2.14e+05	1380	1380	2.08e+05	5370	1650	1680	36.2	8.47e+05	1.0339
0.324	1460	2.14e+05	1380	1390	2.09e+05	5370	1650	1680	36.4	8.48e+05	1.0327
0.325	1460	2.14e+05	1380	1390	2.09e+05	5380	1660	1690	36.6	8.48e+05	1.0314
0.326	1460	2.15e+05	1380	1390	2.1e+05	5380	1660	1690	36.8	8.49e+05	1.0302
0.327	1460	2.15e+05	1380	1390	2.1e+05	5390	1660	1690	37	8.5e+05	1.029
0.328	1470	2.16e+05	1380	1390	2.11e+05	5390	1660	1690	37.2	8.5e+05	1.0277
0.329	1470	2.16e+05	1380	1390	2.11e+05	5390	1660	1690	37.4	8.51e+05	1.0265
0.33	1470	2.17e+05	1380	1390	2.11e+05	5400	1660	1690	37.5	8.52e+05	1.0253
0.331	1470	2.17e+05	1390	1390	2.12e+05	5400	1660	1700	37.8	8.52e+05	1.0253
0.332	1470	2.18e+05	1390	1390	2.13e+05	5410	1670	1700	38.1	8.53e+05	1.0265
0.333	1470	2.19e+05	1390	1390	2.13e+05	5410	1670	1700	38.3	8.54e+05	1.0277
0.334	1480	2.19e+05	1390	1390	2.14e+05	5420	1670	1700	38.6	8.55e+05	1.0289
0.335	1480	2.2e+05	1390	1390	2.14e+05	5420	1670	1700	38.9	8.56e+05	1.0301
0.336	1480	2.21e+05	1390	1400	2.15e+05	5430	1680	1710	39.2	8.57e+05	1.0314
0.337	1480	2.21e+05	1390	1400	2.16e+05	5430	1680	1710	39.5	8.58e+05	1.0326
0.338	1480	2.22e+05	1390	1400	2.16e+05	5440	1680	1710	39.7	8.59e+05	1.0338
0.339	1480	2.22e+05	1390	1400	2.17e+05	5440	1680	1710	40	8.6e+05	1.0351
0.34	1480	2.23e+05	1390	1400	2.18e+05	5450	1680	1720	40.3	8.61e+05	1.0363
0.341	1490	2.24e+05	1400	1400	2.18e+05	5450	1690	1720	40.6	8.62e+05	1.0376
0.342	1490	2.24e+05	1400	1400	2.19e+05	5460	1690	1720	40.8	8.63e+05	1.0388
0.343	1490	2.25e+05	1400	1400	2.19e+05	5460	1690	1720	41.1	8.64e+05	1.0401
0.344	1490	2.25e+05	1400	1400	2.2e+05	5470	1690	1720	41.4	8.65e+05	1.0413
0.345	1490	2.26e+05	1400	1400	2.21e+05	5470	1690	1730	41.7	8.66e+05	1.0426
0.346	1490	2.27e+05	1400	1410	2.21e+05	5480	1700	1730	41.9	8.67e+05	1.0439
0.347	1500	2.27e+05	1400	1410	2.22e+05	5480	1700	1730	42.2	8.67e+05	1.0451
0.348	1500	2.28e+05	1400	1410	2.22e+05	5490	1700	1730	42.5	8.68e+05	1.0464
0.349	1500	2.29e+05	1400	1410	2.23e+05	5490	1700	1740	42.7	8.69e+05	1.0476
0.35	1500	2.29e+05	1400	1410	2.24e+05	5500	1710	1740	43	8.7e+05	1.0489
0.351	1510	2.27e+05	1400	1410	2.22e+05	5480	1700	1730	41.8	8.66e+05	1.0121
0.352	1510	2.28e+05	1400	1410	2.22e+05	5480	1700	1730	42	8.66e+05	1.01
0.353	1510	2.28e+05	1400	1410	2.22e+05	5490	1700	1730	42.1	8.66e+05	1.008
0.354	1510	2.28e+05	1400	1410	2.23e+05	5490	1700	1730	42.2	8.67e+05	1.006
0.355	1510	2.29e+05	1400	1410	2.23e+05	5490	1700	1730	42.4	8.67e+05	1.0039
0.356	1510	2.29e+05	1400	1410	2.24e+05	5490	1700	1730	42.5	8.68e+05	1.002
0.357	1520	2.29e+05	1400	1410	2.24e+05	5500	1710	1730	42.7	8.68e+05	0.99993
0.358	1520	2.3e+05	1400	1410	2.24e+05	5500	1710	1740	42.8	8.68e+05	0.99795
0.359	1520	2.3e+05	1410	1410	2.25e+05	5500	1710	1740	42.9	8.69e+05	0.99592
0.36	1520	2.3e+05	1410	1410	2.25e+05	5510	1710	1740	43.1	8.69e+05	0.99396
0.361	1520	2.31e+05	1410	1410	2.25e+05	5510	1710	1740	43.2	8.69e+05	0.99193
0.362	1530	2.31e+05	1410	1410	2.26e+05	5510	1710	1740	43.3	8.7e+05	0.98991
0.363	1530	2.31e+05	1410	1410	2.26e+05	5510	1710	1740	43.5	8.7e+05	0.98795
0.364	1530	2.32e+05	1410	1410	2.26e+05	5520	1710	1740	43.6	8.7e+05	0.98594
0.365	1530	2.32e+05	1410	1410	2.27e+05	5520	1710	1740	43.7	8.7e+05	0.98399
0.366	1530	2.32e+05	1410	1410	2.27e+05	5520	1720	1740	43.9	8.71e+05	0.98198
0.367	1530	2.33e+05	1410	1410	2.27e+05	5520	1720	1750	44	8.71e+05	0.98004
0.368	1540	2.33e+05	1410	1420	2.28e+05	5530	1720	1750	44.1	8.71e+05	0.97803
0.369	1540	2.33e+05	1410	1420	2.28e+05	5530	1720	1750	44.2	8.71e+05	0.97604
0.37	1540	2.34e+05	1410	1420	2.28e+05	5530	1720	1750	44.3	8.72e+05	0.97411
0.371	1540	2.34e+05	1410	1420	2.29e+05	5540	1720	1750	44.6	8.72e+05	0.97373
0.372	1540	2.35e+05	1410	1420	2.3e+05	5540	1720	1750	44.9	8.74e+05	0.97492
0.373	1540	2.36e+05	1410	1420	2.3e+05	5550	1730	1750	45.2	8.75e+05	0.97614
0.374	1550	2.37e+05	1420	1420	2.31e+05	5550	1730	1760	45.5	8.76e+05	0.97733
0.375	1550	2.37e+05	1420	1420	2.32e+05	5560	1730	1760	45.8	8.77e+05	0.97856
0.376	1550	2.38e+05	1420	1420	2.32e+05	5560	1730	1760	46.1	8.79e+05	0.97976
0.377	1550	2.39e+05	1420	1420	2.33e+05	5570	1740	1770	46.5	8.8e+05	0.981
0.378	1550	2.4e+05	1420	1430	2.34e+05	5570	1740	1770	46.8	8.81e+05	0.98224
0.379	1560	2.4e+05	1420	1430	2.35e+05	5580	1740	1770	47.1	8.82e+05	0.98344
0.38	1560	2.41e+05	1420	1430	2.35e+05	5590	1740	1770	47.4	8.84e+05	0.98469
0.381	1560	2.42e+05	1420	1430	2.36e+05	5590	1750	1780	47.7	8.85e+05	0.9859
0.382	1560	2.42e+05	1420	1430	2.37e+05	5600	1750	1780	48	8.86e+05	0.98716
0.383	1560	2.43e+05	1430	1430	2.38e+05	5600	1750	1780	48.3	8.87e+05	0.98837
0.384	1560	2.44e+05	1430	1430	2.38e+05	5610	1750	1780	48.6	8.88e+05	0.98963
0.385	1570	2.45e+05	1430	1430	2.39e+05	5610	1760	1790	48.9	8.9e+05	0.99089
0.386	1570	2.45e+05	1430	1430	2.4e+05	5620	1760	1790	49.2	8.91e+05	0.99212
0.387	1570	2.46e+05	1430	1440	2.4e+05	5620	1760	1790	49.6	8.92e+05	0.99339
0.388	1570	2.47e+05	1430	1440	2.41e+05	5630	1760	1790	49.9	8.93e+05	0.99462
0.389	1570	2.48e+05	1430	1440	2.42e+05	5630	1770	1800	50.2	8.94e+05	0.9959
0.39	1570	2.48e+05	1430	1440	2.43e+05	5640	1770	1800	50.5	8.95e+05	0.99714
0.391	1580	2.5e+05	1440	1440	2.44e+05	5650	1770	1800	51.2	8.98e+05	1.0057
0.392	1580	2.52e+05	1440	1440	2.46e+05	5670	1780	1810	52.1	9.02e+05	1.0212
0.393	1580	2.54e+05	1440	1450	2.48e+05	5680	1790	1820	53.1	9.05e+05	1.0374
0.394	1580	2.55e+05	1440	1450	2.5e+05	5690	1790	1820	53.9	9.08e+05	1.054
0.395	1570	2.56e+05	1440	1450	2.51e+05	5700	1800	1830	54.6	9.1e+05	1.0702
0.396	1570	2.57e+05	1450	1450	2.52e+05	5710	1800	1840	55.3	9.1e+05	1.0873
0.397	1570	2.58e+05	1450	1450	2.52e+05	5710	1800	1840	55.8	9.1e+05	1.1041
0.398	1560	2.58e+05	1450	1450	2.53e+05	5710	1810	1840	56.3	9.09e+05	1.1217
0.399	1560	2.58e+05	1450	1450	2.53e+05	5710	1810	1850	56.7	9.08e+05	1.1391
0.4	1550	2.58e+05	1450	1450	2.52e+05	5710	1810	1850	57	9.05e+05	1.1574
0.401	1550	2.58e+05	1450	1450	2.52e+05	5710	1810	1850	57.3	9.02e+05	1.1761
0.402	1540	2.57e+05	1450	1450	2.51e+05	5700	1810	1850	57.4	8.98e+05	1.1945
0.403	1530	2.56e+05	1440	1450	2.5e+05	5690	1810	1850	57.4	8.93e+05	1.2139
0.404	1520	2.54e+05	1440	1450	2.49e+05	5680	1810	1850	57.4	8.87e+05	1.2332
0.405	1510	2.52e+05	1440	1440	2.47e+05	5670	1810	1850	57.3	8.81e+05	1.2535
0.406	1500	2.51e+05	1440	1440	2.45e+05	5660	1800	1850	57.1	8.73e+05	1.2736
0.407	1490	2.48e+05	1430	1440	2.43e+05	5640	1800	1850	56.7	8.65e+05	1.2948
0.408	1480	2.46e+05	1430	1430	2.4e+05	5620	1790	1840	56.4	8.56e+05	1.3159
0.409	1460	2.43e+05	1420	1430	2.37e+05	5600	1790	1840	55.9	8.46e+05	1.3382
0.41	1450	2.39e+05	1420	1430	2.34e+05	5570	1780	1840	55.3	8.35e+05	1.3612
0.411	1440	2.39e+05	1420	1420	2.33e+05	5570	1780	1840	55.2	8.32e+05	1.3692
0.412	1450	2.4e+05	1420	1430	2.34e+05	5580	1790	1840	55.6	8.35e+05	1.3628
0.413	1450	2.41e+05	1420	1430	2.36e+05	5590	1790	1840	55.9	8.39e+05	1.3566
0.414	1460	2.43e+05	1420	1430	2.37e+05	5600	1790	1840	56.3	8.42e+05	1.3502
0.415	1460	2.44e+05	1430	1430	2.38e+05	5610	1800	1850	56.7	8.45e+05	1.3441
0.416	1470	2.45e+05	1430	1430	2.4e+05	5620	1800	1850	57.1	8.48e+05	1.3379
0.417	1470	2.46e+05	1430	1440	2.41e+05	5630	1800	1850	57.4	8.51e+05	1.3318
0.418	1480	2.48e+05	1430	1440	2.42e+05	5640	1810	1860	57.8	8.54e+05	1.3256
0.419	1490	2.49e+05	1430	1440	2.43e+05	5640	1810	1860	58.1	8.57e+05	1.3195
0.42	1490	2.5e+05	1440	1440	2.45e+05	5650	1810	1860	58.5	8.6e+05	1.3136
0.421	1500	2.51e+05	1440	1440	2.46e+05	5660	1810	1860	58.8	8.63e+05	1.3075
0.422	1500	2.53e+05	1440	1440	2.47e+05	5670	1820	1870	59.2	8.66e+05	1.3016
0.423	1510	2.54e+05	1440	1450	2.48e+05	5680	1820	1870	59.5	8.69e+05	1.2956
0.424	1510	2.55e+05	1440	1450	2.49e+05	5690	1820	1870	59.8	8.72e+05	1.2899
0.425	1520	2.56e+05	1440	1450	2.5e+05	5700	1830	1880	60.1	8.74e+05	1.2839
0.426	1520	2.57e+05	1450	1450	2.52e+05	5700	1830	1880	60.5	8.77e+05	1.278
0.427	1530	2.58e+05	1450	1450	2.53e+05	5710	1830	1880	60.8	8.8e+05	1.2723
0.428	1530	2.59e+05	1450	1450	2.54e+05	5720	1840	1880	61.1	8.82e+05	1.2665
0.429	1540	2.61e+05	1450	1460	2.55e+05	5730	1840	1890	61.4	8.85e+05	1.2609
0.43	1540	2.62e+05	1450	1460	2.56e+05	5740	1840	1890	61.7	8.87e+05	1.2551
0.431	1610	2.72e+05	1470	1470	2.66e+05	5810	1850	1890	62.1	9.22e+05	1.1086
0.432	1610	2.72e+05	1470	1470	2.66e+05	5810	1860	1890	62.4	9.22e+05	1.1105
0.433	1610	2.73e+05	1470	1470	2.67e+05	5810	1860	1900	62.6	9.23e+05	1.1123
0.434	1610	2.73e+05	1470	1470	2.67e+05	5820	1860	1900	62.9	9.23e+05	1.1141
0.435	1620	2.74e+05	1470	1470	2.68e+05	5820	1860	1900	63.1	9.24e+05	1.116
0.436	1620	2.74e+05	1470	1480	2.68e+05	5820	1860	1900	63.4	9.24e+05	1.1178
0.437	1620	2.75e+05	1470	1480	2.69e+05	5830	1870	1900	63.6	9.25e+05	1.1196
0.438	1620	2.75e+05	1470	1480	2.69e+05	5830	1870	1910	63.8	9.25e+05	1.1215
0.439	1620	2.76e+05	1470	1480	2.7e+05	5830	1870	1910	64.1	9.25e+05	1.1233
0.44	1620	2.76e+05	1470	1480	2.7e+05	5840	1870	1910	64.3	9.26e+05	1.1252
0.441	1620	2.77e+05	1470	1480	2.71e+05	5840	1870	1910	64.6	9.26e+05	1.1271
0.442	1620	2.77e+05	1470	1480	2.71e+05	5840	1870	1910	64.8	9.26e+05	1.1289
0.443	1620	2.77e+05	1470	1480	2.72e+05	5840	1880	1910	65	9.27e+05	1.1308
0.444	1620	2.78e+05	1470	1480	2.72e+05	5850	1880	1920	65.3	9.27e+05	1.1327
0.445	1620	2.78e+05	1480	1480	2.72e+05	5850	1880	1920	65.5	9.27e+05	1.1345
0.446	1620	2.79e+05	1480	1480	2.73e+05	5850	1880	1920	65.7	9.28e+05	1.1365
0.447	1630	2.79e+05	1480	1480	2.73e+05	5860	1880	1920	66	9.28e+05	1.1383
0.448	1630	2.8e+05	1480	1480	2.74e+05	5860	1880	1920	66.2	9.28e+05	1.1402
0.449	1630	2.8e+05	1480	1480	2.74e+05	5860	1890	1930	66.4	9.29e+05	1.1421
0.45	1630	2.8e+05	1480	1480	2.75e+05	5860	1890	1930	66.6	9.29e+05	1.1441
0.451	1630	2.81e+05	1480	1480	2.75e+05	5870	1890	1930	66.8	9.29e+05	1.1437
0.452	1630	2.82e+05	1480	1480	2.76e+05	5870	1890	1930	67	9.3e+05	1.1413
0.453	1630	2.82e+05	1480	1490	2.76e+05	5880	1890	1930	67.2	9.31e+05	1.1387
0.454	1640	2.83e+05	1480	1490	2.77e+05	5880	1890	1930	67.4	9.32e+05	1.1363
0.455	1640	2.83e+05	1480	1490	2.77e+05	5880	1900	1940	67.6	9.33e+05	1.1337
0.456	1640	2.84e+05	1480	1490	2.78e+05	5890	1900	1940	67.8	9.34e+05	1.1313
0.457	1640	2.84e+05	1480	1490	2.78e+05	5890	1900	1940	68	9.35e+05	1.1288
0.458	1650	2.85e+05	1480	1490	2.79e+05	5890	1900	1940	68.1	9.35e+05	1.1263
0.459	1650	2.85e+05	1480	1490	2.8e+05	5900	1900	1940	68.3	9.36e+05	1.1238
0.46	1650	2.86e+05	1490	1490	2.8e+05	5900	1900	1940	68.5	9.37e+05	1.1213
0.461	1650	2.86e+05	1490	1490	2.81e+05	5900	1910	1940	68.7	9.38e+05	1.1189
0.462	1660	2.87e+05	1490	1490	2.81e+05	5910	1910	1950	68.8	9.39e+05	1.1164
0.463	1660	2.88e+05	1490	1490	2.82e+05	5910	1910	1950	69	9.39e+05	1.114
0.464	1660	2.88e+05	1490	1490	2.82e+05	5910	1910	1950	69.2	9.4e+05	1.1116
0.465	1660	2.89e+05	1490	1490	2.83e+05	5920	1910	1950	69.4	9.41e+05	1.1092
0.466	1670	2.89e+05	1490	1490	2.83e+05	5920	1910	1950	69.5	9.42e+05	1.1067
0.467	1670	2.9e+05	1490	1500	2.84e+05	5920	1910	1950	69.7	9.42e+05	1.1043
0.468	1670	2.9e+05	1490	1500	2.84e+05	5930	1920	1950	69.9	9.43e+05	1.1019
0.469	1670	2.91e+05	1490	1500	2.85e+05	5930	1920	1960	70	9.44e+05	1.0994
0.47	1680	2.91e+05	1490	1500	2.85e+05	5930	1920	1960	70.2	9.44e+05	1.0971
0.471	1680	2.92e+05	1490	1500	2.86e+05	5940	1920	1960	70.4	9.45e+05	1.0959
0.472	1680	2.92e+05	1490	1500	2.86e+05	5940	1920	1960	70.6	9.45e+05	1.096
0.473	1680	2.93e+05	1490	1500	2.87e+05	5940	1920	1960	70.8	9.46e+05	1.096
0.474	1680	2.93e+05	1490	1500	2.87e+05	5950	1930	1960	71	9.47e+05	1.0961
0.475	1680	2.94e+05	1500	1500	2.88e+05	5950	1930	1970	71.3	9.47e+05	1.0962
0.476	1690	2.94e+05	1500	1500	2.88e+05	5950	1930	1970	71.5	9.48e+05	1.0963
0.477	1690	2.95e+05	1500	1500	2.89e+05	5960	1930	1970	71.7	9.48e+05	1.0963
0.478	1690	2.95e+05	1500	1500	2.89e+05	5960	1930	1970	71.9	9.49e+05	1.0964
0.479	1690	2.96e+05	1500	1500	2.9e+05	5960	1930	1970	72.1	9.5e+05	1.0965
0.48	1690	2.96e+05	1500	1500	2.9e+05	5970	1940	1970	72.4	9.5e+05	1.0966
0.481	1690	2.97e+05	1500	1500	2.91e+05	5970	1940	1980	72.6	9.51e+05	1.0967
0.482	1690	2.97e+05	1500	1510	2.91e+05	5970	1940	1980	72.8	9.51e+05	1.0967
0.483	1700	2.98e+05	1500	1510	2.92e+05	5980	1940	1980	73	9.52e+05	1.0968
0.484	1700	2.98e+05	1500	1510	2.92e+05	5980	1940	1980	73.2	9.52e+05	1.0969
0.485	1700	2.99e+05	1500	1510	2.93e+05	5980	1950	1980	73.5	9.53e+05	1.097
0.486	1700	2.99e+05	1500	1510	2.93e+05	5990	1950	1980	73.7	9.54e+05	1.0971
0.487	1700	3e+05	1500	1510	2.94e+05	5990	1950	1990	73.9	9.54e+05	1.0972
0.488	1700	3e+05	1500	1510	2.94e+05	5990	1950	1990	74.1	9.55e+05	1.0973
0.489	1710	3.01e+05	1500	1510	2.95e+05	6000	1950	1990	74.3	9.55e+05	1.0974
0.49	1710	3.01e+05	1500	1510	2.95e+05	6000	1950	1990	74.6	9.56e+05	1.0975
0.491	1710	3.02e+05	1510	1510	2.96e+05	6000	1960	1990	74.8	9.57e+05	1.0977
0.492	1710	3.02e+05	1510	1510	2.96e+05	6010	1960	2000	75	9.57e+05	1.0982
0.493	1710	3.03e+05	1510	1510	2.97e+05	6010	1960	2000	75.2	9.58e+05	1.0986
0.494	1710	3.03e+05	1510	1510	2.97e+05	6010	1960	2000	75.5	9.58e+05	1.099
0.495	1710	3.04e+05	1510	1510	2.98e+05	6020	1960	2000	75.7	9.59e+05	1.0994
0.496	1720	3.04e+05	1510	1510	2.98e+05	6020	1960	2000	75.9	9.59e+05	1.0999
0.497	1720	3.05e+05	1510	1520	2.99e+05	6020	1970	2000	76.1	9.6e+05	1.1003
0.498	1720	3.05e+05	1510	1520	2.99e+05	6030	1970	2010	76.4	9.61e+05	1.1007
0.499	1720	3.06e+05	1510	1520	3e+05	6030	1970	2010	76.6	9.61e+05	1.1012
0.5	1720	3.06e+05	1510	1520	3e+05	6030	1970	2010	76.8	9.62e+05	1.1016
0.501	1720	3.07e+05	1510	1520	3.01e+05	6040	1970	2010	77.1	9.62e+05	1.1021
0.502	1720	3.07e+05	1510	1520	3.01e+05	6040	1980	2010	77.3	9.63e+05	1.1025
0.503	1730	3.08e+05	1510	1520	3.02e+05	6040	1980	2020	77.5	9.63e+05	1.103
0.504	1730	3.08e+05	1510	1520	3.02e+05	6040	1980	2020	77.7	9.64e+05	1.1034
0.505	1730	3.09e+05	1510	1520	3.03e+05	6050	1980	2020	78	9.64e+05	1.1038
0.506	1730	3.09e+05	1520	1520	3.03e+05	6050	1980	2020	78.2	9.65e+05	1.1043
0.507	1730	3.1e+05	1520	1520	3.04e+05	6050	1980	2020	78.4	9.66e+05	1.1047
0.508	1730	3.11e+05	1520	1520	3.04e+05	6060	1990	2020	78.6	9.66e+05	1.1052
0.509	1730	3.11e+05	1520	1520	3.05e+05	6060	1990	2030	78.9	9.67e+05	1.1057
0.51	1740	3.12e+05	1520	1520	3.05e+05	6060	1990	2030	79.1	9.67e+05	1.1061
0.511	1740	3.12e+05	1520	1520	3.06e+05	6070	1990	2030	78.9	9.68e+05	1.0911
0.512	1740	3.12e+05	1520	1520	3.06e+05	6070	1990	2030	79.1	9.69e+05	1.0886
0.513	1750	3.13e+05	1520	1530	3.07e+05	6070	1990	2030	79.2	9.69e+05	1.0861
0.514	1750	3.13e+05	1520	1530	3.07e+05	6070	1990	2030	79.4	9.7e+05	1.0836
0.515	1750	3.14e+05	1520	1530	3.08e+05	6080	1990	2030	79.5	9.7e+05	1.0811
0.516	1750	3.14e+05	1520	1530	3.08e+05	6080	2000	2030	79.7	9.71e+05	1.0786
0.517	1760	3.14e+05	1520	1530	3.08e+05	6080	2000	2030	79.8	9.71e+05	1.0761
0.518	1760	3.15e+05	1520	1530	3.09e+05	6080	2000	2040	79.9	9.72e+05	1.0737
0.519	1760	3.15e+05	1520	1530	3.09e+05	6090	2000	2040	80.1	9.72e+05	1.0712
0.52	1760	3.16e+05	1520	1530	3.1e+05	6090	2000	2040	80.2	9.73e+05	1.0688
0.521	1760	3.16e+05	1520	1530	3.1e+05	6090	2000	2040	80.3	9.73e+05	1.0663
0.522	1770	3.16e+05	1520	1530	3.1e+05	6090	2000	2040	80.5	9.74e+05	1.0639
0.523	1770	3.17e+05	1520	1530	3.11e+05	6100	2000	2040	80.6	9.74e+05	1.0614
0.524	1770	3.17e+05	1520	1530	3.11e+05	6100	2010	2040	80.7	9.74e+05	1.0589
0.525	1770	3.18e+05	1530	1530	3.12e+05	6100	2010	2040	80.8	9.75e+05	1.0565
0.526	1770	3.18e+05	1530	1530	3.12e+05	6100	2010	2040	81	9.75e+05	1.0541
0.527	1780	3.18e+05	1530	1530	3.12e+05	6110	2010	2040	81.1	9.75e+05	1.0517
0.528	1780	3.19e+05	1530	1530	3.13e+05	6110	2010	2050	81.2	9.76e+05	1.0492
0.529	1780	3.19e+05	1530	1530	3.13e+05	6110	2010	2050	81.3	9.76e+05	1.0469
0.53	1780	3.19e+05	1530	1530	3.13e+05	6110	2010	2050	81.4	9.76e+05	1.0444
0.531	1780	3.2e+05	1530	1530	3.14e+05	6110	2010	2050	81.6	9.77e+05	1.0437
0.532	1790	3.2e+05	1530	1530	3.14e+05	6120	2020	2050	81.9	9.78e+05	1.0447
0.533	1790	3.21e+05	1530	1540	3.15e+05	6120	2020	2050	82.2	9.78e+05	1.0456
0.534	1790	3.22e+05	1530	1540	3.16e+05	6130	2020	2060	82.4	9.79e+05	1.0466
0.535	1790	3.22e+05	1530	1540	3.16e+05	6130	2020	2060	82.7	9.8e+05	1.0475
0.536	1790	3.23e+05	1530	1540	3.17e+05	6130	2020	2060	83	9.81e+05	1.0485
0.537	1790	3.24e+05	1530	1540	3.17e+05	6140	2030	2060	83.2	9.81e+05	1.0495
0.538	1800	3.24e+05	1530	1540	3.18e+05	6140	2030	2060	83.5	9.82e+05	1.0504
0.539	1800	3.25e+05	1530	1540	3.19e+05	6140	2030	2070	83.8	9.83e+05	1.0514
0.54	1800	3.25e+05	1530	1540	3.19e+05	6150	2030	2070	84.1	9.84e+05	1.0524
0.541	1800	3.26e+05	1540	1540	3.2e+05	6150	2030	2070	84.3	9.84e+05	1.0534
0.542	1800	3.27e+05	1540	1540	3.2e+05	6160	2040	2070	84.6	9.85e+05	1.0543
0.543	1800	3.27e+05	1540	1540	3.21e+05	6160	2040	2070	84.8	9.86e+05	1.0553
0.544	1800	3.28e+05	1540	1540	3.22e+05	6160	2040	2080	85.1	9.87e+05	1.0563
0.545	1810	3.28e+05	1540	1540	3.22e+05	6170	2040	2080	85.4	9.87e+05	1.0573
0.546	1810	3.29e+05	1540	1540	3.23e+05	6170	2050	2080	85.6	9.88e+05	1.0583
0.547	1810	3.3e+05	1540	1550	3.23e+05	6170	2050	2080	85.9	9.89e+05	1.0593
0.548	1810	3.3e+05	1540	1550	3.24e+05	6180	2050	2090	86.2	9.9e+05	1.0603
0.549	1810	3.31e+05	1540	1550	3.25e+05	6180	2050	2090	86.4	9.9e+05	1.0613
0.55	1810	3.31e+05	1540	1550	3.25e+05	6180	2050	2090	86.7	9.91e+05	1.0622
0.551	1810	3.32e+05	1540	1550	3.26e+05	6190	2060	2090	87.2	9.92e+05	1.0698
0.552	1810	3.34e+05	1540	1550	3.27e+05	6200	2060	2100	87.9	9.93e+05	1.0835
0.553	1810	3.35e+05	1550	1550	3.28e+05	6200	2070	2100	88.6	9.94e+05	1.0978
0.554	1810	3.35e+05	1550	1550	3.29e+05	6210	2070	2110	89.2	9.94e+05	1.1119
0.555	1800	3.36e+05	1550	1550	3.29e+05	6210	2070	2110	89.7	9.94e+05	1.1265
0.556	1800	3.36e+05	1550	1550	3.3e+05	6210	2080	2120	90.2	9.93e+05	1.1414
0.557	1800	3.36e+05	1550	1550	3.3e+05	6210	2080	2120	90.5	9.92e+05	1.1559
0.558	1790	3.35e+05	1550	1550	3.29e+05	6210	2080	2120	90.8	9.89e+05	1.1711
0.559	1780	3.35e+05	1550	1550	3.29e+05	6200	2080	2120	91.1	9.87e+05	1.1861
0.56	1780	3.34e+05	1540	1550	3.28e+05	6200	2080	2130	91.2	9.83e+05	1.2018
0.561	1770	3.33e+05	1540	1550	3.27e+05	6190	2080	2130	91.3	9.8e+05	1.2172
0.562	1760	3.32e+05	1540	1550	3.25e+05	6180	2080	2130	91.4	9.75e+05	1.2334
0.563	1750	3.3e+05	1540	1550	3.24e+05	6180	2080	2130	91.3	9.7e+05	1.2493
0.564	1740	3.28e+05	1540	1540	3.22e+05	6160	2080	2130	91.2	9.64e+05	1.2661
0.565	1730	3.26e+05	1540	1540	3.2e+05	6150	2070	2120	91	9.58e+05	1.2831
0.566	1720	3.24e+05	1530	1540	3.18e+05	6140	2070	2120	90.7	9.51e+05	1.3
0.567	1710	3.21e+05	1530	1540	3.15e+05	6120	2070	2120	90.4	9.44e+05	1.3177
0.568	1700	3.18e+05	1530	1530	3.12e+05	6110	2060	2120	90	9.36e+05	1.3353
0.569	1680	3.15e+05	1520	1530	3.09e+05	6090	2060	2110	89.5	9.27e+05	1.3538
0.57	1670	3.12e+05	1520	1520	3.06e+05	6070	2050	2110	89	9.18e+05	1.3721
0.571	1660	3.1e+05	1520	1520	3.04e+05	6060	2050	2110	88.7	9.13e+05	1.3821
0.572	1660	3.11e+05	1520	1520	3.05e+05	6060	2050	2110	88.9	9.13e+05	1.3827
0.573	1660	3.11e+05	1520	1520	3.05e+05	6060	2050	2110	89	9.13e+05	1.3833
0.574	1660	3.11e+05	1520	1520	3.05e+05	6060	2050	2110	89.2	9.13e+05	1.3839
0.575	1660	3.11e+05	1520	1520	3.05e+05	6060	2050	2110	89.3	9.13e+05	1.3844
0.576	1670	3.11e+05	1520	1520	3.05e+05	6060	2050	2110	89.4	9.13e+05	1.385
0.577	1670	3.12e+05	1520	1520	3.06e+05	6060	2050	2110	89.6	9.13e+05	1.3856
0.578	1670	3.12e+05	1520	1520	3.06e+05	6070	2050	2110	89.7	9.13e+05	1.3862
0.579	1670	3.12e+05	1520	1520	3.06e+05	6070	2060	2110	89.9	9.12e+05	1.3867
0.58	1670	3.12e+05	1520	1520	3.06e+05	6070	2060	2120	90	9.12e+05	1.3873
0.581	1670	3.12e+05	1520	1520	3.06e+05	6070	2060	2120	90.1	9.12e+05	1.3879
0.582	1670	3.13e+05	1520	1520	3.07e+05	6070	2060	2120	90.3	9.12e+05	1.3885
0.583	1670	3.13e+05	1520	1530	3.07e+05	6070	2060	2120	90.4	9.12e+05	1.3891
0.584	1670	3.13e+05	1520	1530	3.07e+05	6070	2060	2120	90.6	9.12e+05	1.3897
0.585	1670	3.13e+05	1520	1530	3.07e+05	6070	2060	2120	90.7	9.12e+05	1.3903
0.586	1670	3.13e+05	1520	1530	3.07e+05	6070	2060	2120	90.8	9.11e+05	1.3908
0.587	1670	3.14e+05	1520	1530	3.07e+05	6080	2060	2120	91	9.11e+05	1.3915
0.588	1670	3.14e+05	1520	1530	3.08e+05	6080	2060	2120	91.1	9.11e+05	1.392
0.589	1670	3.14e+05	1520	1530	3.08e+05	6080	2070	2130	91.2	9.11e+05	1.3926
0.59	1670	3.14e+05	1520	1530	3.08e+05	6080	2070	2130	91.4	9.11e+05	1.3933
0.591	1560	2.85e+05	1480	1490	2.79e+05	5890	2010	2070	84.9	8.37e+05	1.5255
0.592	1560	2.85e+05	1480	1490	2.8e+05	5900	2010	2080	85	8.37e+05	1.5246
0.593	1560	2.86e+05	1490	1490	2.8e+05	5900	2010	2080	85.2	8.38e+05	1.5237
0.594	1560	2.86e+05	1490	1490	2.8e+05	5900	2010	2080	85.4	8.38e+05	1.5229
0.595	1560	2.87e+05	1490	1490	2.81e+05	5910	2010	2080	85.6	8.39e+05	1.522
0.596	1570	2.87e+05	1490	1490	2.81e+05	5910	2010	2080	85.8	8.39e+05	1.5212
0.597	1570	2.88e+05	1490	1490	2.82e+05	5910	2010	2080	86	8.4e+05	1.5203
0.598	1570	2.88e+05	1490	1490	2.82e+05	5910	2020	2090	86.2	8.41e+05	1.5195
0.599	1570	2.88e+05	1490	1490	2.82e+05	5920	2020	2090	86.3	8.41e+05	1.5186
0.6	1570	2.89e+05	1490	1490	2.83e+05	5920	2020	2090	86.5	8.42e+05	1.5178
0.601	1570	2.89e+05	1490	1500	2.83e+05	5920	2020	2090	86.7	8.42e+05	1.5169
0.602	1580	2.9e+05	1490	1500	2.84e+05	5930	2020	2090	86.9	8.43e+05	1.5161
0.603	1580	2.9e+05	1490	1500	2.84e+05	5930	2020	2090	87.1	8.43e+05	1.5152
0.604	1580	2.91e+05	1490	1500	2.85e+05	5930	2020	2090	87.3	8.44e+05	1.5144
0.605	1580	2.91e+05	1490	1500	2.85e+05	5930	2030	2100	87.5	8.44e+05	1.5136
0.606	1580	2.91e+05	1490	1500	2.85e+05	5940	2030	2100	87.7	8.45e+05	1.5127
0.607	1580	2.92e+05	1490	1500	2.86e+05	5940	2030	2100	87.8	8.45e+05	1.5119
0.608	1590	2.92e+05	1490	1500	2.86e+05	5940	2030	2100	88	8.46e+05	1.511
0.609	1590	2.93e+05	1490	1500	2.87e+05	5940	2030	2100	88.2	8.47e+05	1.5102
0.61	1590	2.93e+05	1490	1500	2.87e+05	5950	2030	2100	88.4	8.47e+05	1.5094
0.611	1590	2.93e+05	1490	1500	2.87e+05	5950	2030	2100	88.4	8.46e+05	1.5112
0.612	1590	2.92e+05	1490	1500	2.86e+05	5940	2030	2100	88.3	8.43e+05	1.5159
0.613	1580	2.91e+05	1490	1500	2.85e+05	5930	2030	2100	88.2	8.41e+05	1.5205
0.614	1580	2.9e+05	1490	1500	2.84e+05	5930	2030	2100	88.1	8.38e+05	1.5253
0.615	1580	2.89e+05	1490	1500	2.83e+05	5920	2030	2100	87.9	8.35e+05	1.5301
0.616	1570	2.88e+05	1490	1490	2.83e+05	5920	2030	2100	87.8	8.32e+05	1.5348
0.617	1570	2.88e+05	1490	1490	2.82e+05	5910	2030	2100	87.6	8.29e+05	1.5397
0.618	1560	2.87e+05	1490	1490	2.81e+05	5910	2020	2100	87.5	8.27e+05	1.5445
0.619	1560	2.86e+05	1480	1490	2.8e+05	5900	2020	2090	87.3	8.24e+05	1.5494
0.62	1560	2.85e+05	1480	1490	2.79e+05	5890	2020	2090	87.2	8.21e+05	1.5543
0.621	1550	2.84e+05	1480	1490	2.78e+05	5890	2020	2090	87	8.18e+05	1.5593
0.622	1550	2.83e+05	1480	1490	2.77e+05	5880	2020	2090	86.9	8.15e+05	1.5642
0.623	1550	2.82e+05	1480	1490	2.76e+05	5870	2020	2090	86.8	8.12e+05	1.5689
0.624	1540	2.81e+05	1480	1480	2.75e+05	5870	2020	2090	86.7	8.1e+05	1.5738
0.625	1540	2.8e+05	1480	1480	2.74e+05	5860	2010	2090	86.6	8.07e+05	1.5785
0.626	1540	2.79e+05	1480	1480	2.74e+05	5860	2010	2090	86.5	8.04e+05	1.5835
0.627	1530	2.79e+05	1480	1480	2.73e+05	5850	2010	2090	86.4	8.01e+05	1.5883
0.628	1530	2.78e+05	1470	1480	2.72e+05	5850	2010	2090	86.3	7.98e+05	1.5933
0.629	1530	2.77e+05	1470	1480	2.71e+05	5840	2010	2090	86.1	7.95e+05	1.5982
0.63	1520	2.76e+05	1470	1480	2.7e+05	5830	2010	2080	86	7.93e+05	1.6033
0.631	1560	2.86e+05	1490	1490	2.8e+05	5900	2030	2100	88.6	8.17e+05	1.5637
0.632	1600	2.94e+05	1500	1500	2.89e+05	5960	2050	2120	90.9	8.38e+05	1.5282
0.633	1590	2.94e+05	1500	1500	2.88e+05	5950	2050	2120	90.7	8.35e+05	1.5337
0.634	1590	2.93e+05	1490	1500	2.87e+05	5940	2050	2120	90.6	8.32e+05	1.5391
0.635	1580	2.92e+05	1490	1500	2.86e+05	5940	2050	2120	90.5	8.28e+05	1.5447
0.636	1580	2.91e+05	1490	1500	2.85e+05	5930	2050	2120	90.3	8.25e+05	1.5502
0.637	1580	2.89e+05	1490	1500	2.84e+05	5920	2040	2120	90.2	8.22e+05	1.5559
0.638	1570	2.88e+05	1490	1490	2.83e+05	5920	2040	2120	90	8.19e+05	1.5616
0.639	1570	2.87e+05	1490	1490	2.81e+05	5910	2040	2120	89.9	8.15e+05	1.5673
0.64	1560	2.86e+05	1490	1490	2.8e+05	5900	2040	2110	89.7	8.12e+05	1.5731
0.641	1560	2.85e+05	1480	1490	2.79e+05	5900	2040	2110	89.6	8.09e+05	1.5788
0.642	1550	2.84e+05	1480	1490	2.78e+05	5890	2040	2110	89.4	8.05e+05	1.5848
0.643	1550	2.83e+05	1480	1490	2.77e+05	5880	2030	2110	89.2	8.02e+05	1.5906
0.644	1550	2.82e+05	1480	1490	2.76e+05	5870	2030	2110	89	7.98e+05	1.5966
0.645	1540	2.81e+05	1480	1480	2.75e+05	5870	2030	2110	88.8	7.95e+05	1.6025
0.646	1540	2.79e+05	1480	1480	2.74e+05	5860	2030	2110	88.6	7.91e+05	1.6087
0.647	1530	2.78e+05	1470	1480	2.72e+05	5850	2030	2100	88.4	7.88e+05	1.6149
0.648	1530	2.77e+05	1470	1480	2.71e+05	5840	2020	2100	88.2	7.84e+05	1.621
0.649	1520	2.76e+05	1470	1480	2.7e+05	5830	2020	2100	88	7.8e+05	1.6273
0.65	1520	2.74e+05	1470	1480	2.69e+05	5820	2020	2100	87.8	7.77e+05	1.6335
0.651	1510	2.74e+05	1470	1470	2.68e+05	5820	2020	2100	87.7	7.74e+05	1.6376
0.652	1510	2.74e+05	1470	1470	2.68e+05	5820	2020	2100	87.7	7.73e+05	1.6394
0.653	1510	2.73e+05	1470	1470	2.68e+05	5820	2020	2100	87.8	7.72e+05	1.6412
0.654	1510	2.73e+05	1470	1470	2.67e+05	5820	2020	2100	87.8	7.71e+05	1.643
0.655	1510	2.73e+05	1470	1470	2.67e+05	5810	2020	2100	87.9	7.7e+05	1.6448
0.656	1510	2.73e+05	1470	1470	2.67e+05	5810	2020	2100	88	7.69e+05	1.6466
0.657	1510	2.73e+05	1470	1470	2.67e+05	5810	2020	2100	88	7.68e+05	1.6484
0.658	1510	2.72e+05	1470	1470	2.67e+05	5810	2020	2100	88.1	7.67e+05	1.6503
0.659	1510	2.72e+05	1470	1470	2.66e+05	5810	2020	2100	88.1	7.66e+05	1.6521
0.66	1510	2.72e+05	1470	1470	2.66e+05	5810	2020	2100	88.1	7.65e+05	1.654
0.661	1510	2.72e+05	1470	1470	2.66e+05	5810	2020	2100	88.2	7.64e+05	1.6558
0.662	1510	2.72e+05	1470	1470	2.66e+05	5810	2020	2100	88.2	7.63e+05	1.6577
0.663	1510	2.71e+05	1470	1470	2.66e+05	5800	2020	2100	88.3	7.62e+05	1.6596
0.664	1500	2.71e+05	1470	1470	2.65e+05	5800	2020	2100	88.3	7.61e+05	1.6614
0.665	1500	2.71e+05	1470	1470	2.65e+05	5800	2020	2100	88.4	7.6e+05	1.6633
0.666	1500	2.71e+05	1460	1470	2.65e+05	5800	2020	2100	88.4	7.59e+05	1.6652
0.667	1500	2.71e+05	1460	1470	2.65e+05	5800	2020	2100	88.4	7.57e+05	1.6671
0.668	1500	2.7e+05	1460	1470	2.65e+05	5800	2020	2100	88.5	7.56e+05	1.669
0.669	1500	2.7e+05	1460	1470	2.64e+05	5790	2020	2100	88.5	7.55e+05	1.671
0.67	1500	2.7e+05	1460	1470	2.64e+05	5790	2020	2100	88.6	7.54e+05	1.6729
0.671	1500	2.7e+05	1460	1470	2.64e+05	5790	2020	2100	88.6	7.53e+05	1.6748
0.672	1500	2.69e+05	1460	1470	2.64e+05	5790	2020	2110	88.6	7.52e+05	1.6768
0.673	1500	2.69e+05	1460	1470	2.63e+05	5790	2020	2110	88.7	7.51e+05	1.6787
0.674	1500	2.69e+05	1460	1470	2.63e+05	5790	2020	2110	88.7	7.5e+05	1.6807
0.675	1500	2.69e+05	1460	1470	2.63e+05	5780	2020	2110	88.7	7.48e+05	1.6827
0.676	1490	2.68e+05	1460	1470	2.63e+05	5780	2020	2110	88.8	7.47e+05	1.6847
0.677	1490	2.68e+05	1460	1470	2.62e+05	5780	2020	2110	88.8	7.46e+05	1.6866
0.678	1490	2.68e+05	1460	1470	2.62e+05	5780	2020	2110	88.8	7.45e+05	1.6886
0.679	1490	2.68e+05	1460	1470	2.62e+05	5780	2020	2110	88.8	7.44e+05	1.6907
0.68	1490	2.67e+05	1460	1470	2.62e+05	5780	2020	2110	88.9	7.43e+05	1.6927
0.681	1490	2.67e+05	1460	1470	2.61e+05	5770	2020	2110	88.9	7.41e+05	1.6947
0.682	1490	2.67e+05	1460	1460	2.61e+05	5770	2020	2110	88.9	7.4e+05	1.6967
0.683	1490	2.67e+05	1460	1460	2.61e+05	5770	2020	2110	88.9	7.39e+05	1.6988
0.684	1490	2.66e+05	1460	1460	2.6e+05	5770	2020	2110	88.9	7.38e+05	1.7008
0.685	1490	2.66e+05	1460	1460	2.6e+05	5770	2020	2110	89	7.37e+05	1.7029
0.686	1480	2.66e+05	1460	1460	2.6e+05	5760	2020	2110	89	7.35e+05	1.705
0.687	1480	2.65e+05	1460	1460	2.6e+05	5760	2020	2110	89	7.34e+05	1.7071
0.688	1480	2.65e+05	1460	1460	2.59e+05	5760	2020	2110	89	7.33e+05	1.7092
0.689	1480	2.65e+05	1460	1460	2.59e+05	5760	2020	2110	89	7.32e+05	1.7113
0.69	1480	2.64e+05	1460	1460	2.59e+05	5760	2020	2110	89	7.3e+05	1.7134
0.691	1480	2.64e+05	1460	1460	2.58e+05	5750	2020	2110	89	7.29e+05	1.7155
0.692	1480	2.64e+05	1460	1460	2.58e+05	5750	2020	2110	89	7.28e+05	1.7177
0.693	1480	2.64e+05	1450	1460	2.58e+05	5750	2020	2110	89.1	7.27e+05	1.7198
0.694	1480	2.63e+05	1450	1460	2.58e+05	5750	2020	2110	89.1	7.25e+05	1.7219
0.695	1470	2.63e+05	1450	1460	2.57e+05	5740	2020	2110	89.1	7.24e+05	1.7241
0.696	1470	2.63e+05	1450	1460	2.57e+05	5740	2020	2110	89.1	7.23e+05	1.7263
0.697	1470	2.62e+05	1450	1460	2.57e+05	5740	2020	2110	89.1	7.21e+05	1.7285
0.698	1470	2.62e+05	1450	1460	2.56e+05	5740	2020	2110	89.1	7.2e+05	1.7306
0.699	1470	2.62e+05	1450	1460	2.56e+05	5740	2020	2110	89.1	7.19e+05	1.7329
0.7	1470	2.61e+05	1450	1460	2.56e+05	5730	2020	2110	89.1	7.18e+05	1.735
0.701	1470	2.61e+05	1450	1460	2.55e+05	5730	2020	2110	89.1	7.16e+05	1.7373
0.702	1470	2.61e+05	1450	1460	2.55e+05	5730	2020	2110	89.1	7.15e+05	1.7395
0.703	1460	2.6e+05	1450	1460	2.55e+05	5730	2020	2110	89.1	7.14e+05	1.7418
0.704	1460	2.6e+05	1450	1460	2.54e+05	5720	2020	2110	89.1	7.12e+05	1.7441
0.705	1460	2.6e+05	1450	1450	2.54e+05	5720	2020	2110	89.1	7.11e+05	1.7463
0.706	1460	2.59e+05	1450	1450	2.53e+05	5720	2020	2110	89	7.09e+05	1.7486
0.707	1460	2.59e+05	1450	1450	2.53e+05	5720	2020	2110	89	7.08e+05	1.7508
0.708	1460	2.58e+05	1450	1450	2.53e+05	5710	2020	2110	89	7.07e+05	1.7532
0.709	1460	2.58e+05	1450	1450	2.52e+05	5710	2020	2110	89	7.05e+05	1.7554
0.71	1450	2.58e+05	1450	1450	2.52e+05	5710	2020	2110	89	7.04e+05	1.7578
0.711	1450	2.57e+05	1450	1450	2.52e+05	5710	2020	2110	89	7.03e+05	1.7602
0.712	1450	2.57e+05	1450	1450	2.51e+05	5700	2020	2110	89	7.01e+05	1.7625
0.713	1450	2.57e+05	1440	1450	2.51e+05	5700	2020	2110	88.9	7e+05	1.7648
0.714	1450	2.56e+05	1440	1450	2.51e+05	5700	2020	2110	88.9	6.98e+05	1.7672
0.715	1450	2.56e+05	1440	1450	2.5e+05	5690	2020	2110	88.9	6.97e+05	1.7696
0.716	1450	2.55e+05	1440	1450	2.5e+05	5690	2020	2110	88.9	6.96e+05	1.7719
0.717	1440	2.55e+05	1440	1450	2.49e+05	5690	2020	2110	88.9	6.94e+05	1.7744
0.718	1440	2.55e+05	1440	1450	2.49e+05	5690	2020	2110	88.8	6.93e+05	1.7767
0.719	1440	2.54e+05	1440	1450	2.49e+05	5680	2020	2110	88.8	6.91e+05	1.7792
0.72	1440	2.54e+05	1440	1450	2.48e+05	5680	2020	2110	88.8	6.9e+05	1.7816
0.721	1440	2.53e+05	1440	1450	2.48e+05	5680	2010	2110	88.8	6.88e+05	1.784
0.722	1440	2.53e+05	1440	1450	2.47e+05	5670	2010	2110	88.7	6.87e+05	1.7865
0.723	1440	2.53e+05	1440	1440	2.47e+05	5670	2010	2110	88.7	6.86e+05	1.789
0.724	1430	2.52e+05	1440	1440	2.47e+05	5670	2010	2110	88.7	6.84e+05	1.7915
0.725	1430	2.52e+05	1440	1440	2.46e+05	5660	2010	2110	88.6	6.83e+05	1.7939
0.726	1430	2.51e+05	1440	1440	2.46e+05	5660	2010	2100	88.6	6.81e+05	1.7965
0.727	1430	2.51e+05	1440	1440	2.45e+05	5660	2010	2100	88.6	6.8e+05	1.799
0.728	1430	2.5e+05	1440	1440	2.45e+05	5660	2010	2100	88.5	6.78e+05	1.8015
0.729	1430	2.5e+05	1440	1440	2.44e+05	5650	2010	2100	88.5	6.77e+05	1.8041
0.73	1420	2.5e+05	1430	1440	2.44e+05	5650	2010	2100	88.4	6.75e+05	1.8066
0.731	1420	2.49e+05	1430	1440	2.44e+05	5650	2010	2100	88.5	6.74e+05	1.8082
0.732	1420	2.49e+05	1430	1440	2.44e+05	5650	2010	2100	88.6	6.74e+05	1.8089
0.733	1420	2.49e+05	1430	1440	2.44e+05	5650	2010	2110	88.6	6.73e+05	1.8096
0.734	1420	2.49e+05	1430	1440	2.44e+05	5650	2010	2110	88.7	6.73e+05	1.8102
0.735	1420	2.49e+05	1430	1440	2.44e+05	5650	2010	2110	88.8	6.72e+05	1.8109
0.736	1420	2.49e+05	1430	1440	2.44e+05	5650	2010	2110	88.9	6.72e+05	1.8116
0.737	1420	2.49e+05	1430	1440	2.44e+05	5650	2010	2110	89	6.72e+05	1.8123
0.738	1420	2.49e+05	1430	1440	2.44e+05	5650	2010	2110	89.1	6.71e+05	1.813
0.739	1420	2.49e+05	1430	1440	2.44e+05	5650	2020	2110	89.1	6.71e+05	1.8137
0.74	1420	2.49e+05	1430	1440	2.44e+05	5650	2020	2110	89.2	6.7e+05	1.8144
0.741	1420	2.49e+05	1430	1440	2.44e+05	5650	2020	2110	89.3	6.7e+05	1.815
0.742	1420	2.49e+05	1430	1440	2.44e+05	5650	2020	2110	89.4	6.69e+05	1.8158
0.743	1420	2.49e+05	1430	1440	2.44e+05	5650	2020	2110	89.5	6.69e+05	1.8164
0.744	1420	2.49e+05	1430	1440	2.44e+05	5650	2020	2110	89.6	6.68e+05	1.8172
0.745	1430	2.49e+05	1430	1440	2.44e+05	5650	2020	2110	89.6	6.68e+05	1.8179
0.746	1430	2.49e+05	1430	1440	2.44e+05	5650	2020	2110	89.7	6.67e+05	1.8186
0.747	1430	2.49e+05	1430	1440	2.44e+05	5650	2020	2110	89.8	6.67e+05	1.8193
0.748	1430	2.49e+05	1430	1440	2.44e+05	5650	2020	2120	89.9	6.66e+05	1.82
0.749	1430	2.49e+05	1430	1440	2.43e+05	5650	2020	2120	90	6.66e+05	1.8207
0.75	1430	2.49e+05	1430	1440	2.43e+05	5650	2020	2120	90	6.66e+05	1.8215
0.751	1430	2.49e+05	1430	1440	2.43e+05	5650	2020	2120	90.1	6.65e+05	1.8222
0.752	1430	2.49e+05	1430	1440	2.43e+05	5650	2020	2120	90.2	6.65e+05	1.8229
0.753	1430	2.49e+05	1430	1440	2.43e+05	5650	2020	2120	90.3	6.64e+05	1.8237
0.754	1430	2.49e+05	1430	1440	2.43e+05	5640	2020	2120	90.4	6.64e+05	1.8244
0.755	1430	2.49e+05	1430	1440	2.43e+05	5640	2020	2120	90.4	6.63e+05	1.8251
0.756	1430	2.49e+05	1430	1440	2.43e+05	5640	2030	2120	90.5	6.63e+05	1.8259
0.757	1430	2.49e+05	1430	1440	2.43e+05	5640	2030	2120	90.6	6.62e+05	1.8266
0.758	1430	2.49e+05	1430	1440	2.43e+05	5640	2030	2120	90.7	6.62e+05	1.8274
0.759	1430	2.49e+05	1430	1440	2.43e+05	5640	2030	2120	90.7	6.61e+05	1.8281
0.76	1430	2.49e+05	1430	1440	2.43e+05	5640	2030	2120	90.8	6.61e+05	1.8289
0.761	1430	2.49e+05	1430	1440	2.43e+05	5640	2030	2120	90.9	6.6e+05	1.8297
0.762	1430	2.49e+05	1430	1440	2.43e+05	5640	2030	2120	91	6.6e+05	1.8304
0.763	1430	2.49e+05	1430	1440	2.43e+05	5640	2030	2120	91	6.59e+05	1.8312
0.764	1430	2.49e+05	1430	1440	2.43e+05	5640	2030	2130	91.1	6.59e+05	1.8319
0.765	1430	2.49e+05	1430	1440	2.43e+05	5640	2030	2130	91.2	6.58e+05	1.8327
0.766	1430	2.49e+05	1430	1440	2.43e+05	5640	2030	2130	91.3	6.58e+05	1.8335
0.767	1430	2.49e+05	1430	1440	2.43e+05	5640	2030	2130	91.3	6.57e+05	1.8343
0.768	1430	2.48e+05	1430	1440	2.43e+05	5640	2030	2130	91.4	6.57e+05	1.835
0.769	1430	2.48e+05	1430	1440	2.43e+05	5640	2030	2130	91.5	6.56e+05	1.8358
0.77	1430	2.48e+05	1430	1440	2.43e+05	5640	2030	2130	91.5	6.56e+05	1.8366
0.771	1430	2.48e+05	1430	1440	2.43e+05	5640	2030	2130	91.6	6.55e+05	1.8374
0.772	1430	2.48e+05	1430	1440	2.43e+05	5640	2030	2130	91.7	6.55e+05	1.8382
0.773	1430	2.48e+05	1430	1440	2.43e+05	5640	2030	2130	91.7	6.54e+05	1.839
0.774	1430	2.48e+05	1430	1440	2.43e+05	5640	2030	2130	91.8	6.54e+05	1.8398
0.775	1430	2.48e+05	1430	1440	2.42e+05	5640	2030	2130	91.9	6.53e+05	1.8406
0.776	1430	2.48e+05	1430	1440	2.42e+05	5640	2040	2130	92	6.53e+05	1.8414
0.777	1430	2.48e+05	1430	1440	2.42e+05	5640	2040	2130	92	6.52e+05	1.8423
0.778	1430	2.48e+05	1430	1440	2.42e+05	5640	2040	2130	92.1	6.52e+05	1.8431
0.779	1430	2.48e+05	1430	1440	2.42e+05	5640	2040	2130	92.2	6.51e+05	1.8439
0.78	1430	2.48e+05	1430	1440	2.42e+05	5640	2040	2130	92.2	6.5e+05	1.8447
0.781	1430	2.48e+05	1430	1440	2.42e+05	5640	2040	2130	92.3	6.5e+05	1.8455
0.782	1430	2.48e+05	1430	1440	2.42e+05	5640	2040	2140	92.3	6.49e+05	1.8464
0.783	1430	2.48e+05	1430	1440	2.42e+05	5630	2040	2140	92.4	6.49e+05	1.8472
0.784	1420	2.48e+05	1430	1440	2.42e+05	5630	2040	2140	92.5	6.48e+05	1.848
0.785	1420	2.47e+05	1430	1440	2.42e+05	5630	2040	2140	92.5	6.48e+05	1.8489
0.786	1420	2.47e+05	1430	1440	2.42e+05	5630	2040	2140	92.6	6.47e+05	1.8497
0.787	1420	2.47e+05	1430	1440	2.42e+05	5630	2040	2140	92.7	6.47e+05	1.8506
0.788	1420	2.47e+05	1430	1440	2.42e+05	5630	2040	2140	92.7	6.46e+05	1.8514
0.789	1420	2.47e+05	1430	1440	2.42e+05	5630	2040	2140	92.8	6.46e+05	1.8523
0.79	1420	2.47e+05	1430	1440	2.42e+05	5630	2040	2140	92.9	6.45e+05	1.8531
0.791	1420	2.47e+05	1430	1440	2.41e+05	5630	2040	2140	92.9	6.44e+05	1.8541
0.792	1420	2.47e+05	1430	1440	2.41e+05	5630	2040	2140	93	6.44e+05	1.8551
0.793	1420	2.47e+05	1430	1440	2.41e+05	5630	2040	2140	93	6.43e+05	1.8562
0.794	1420	2.47e+05	1430	1440	2.41e+05	5630	2040	2140	93.1	6.43e+05	1.8572
0.795	1420	2.47e+05	1430	1440	2.41e+05	5630	2040	2140	93.1	6.42e+05	1.8583
0.796	1420	2.46e+05	1430	1440	2.41e+05	5630	2040	2140	93.2	6.41e+05	1.8593
0.797	1420	2.46e+05	1430	1440	2.41e+05	5630	2040	2140	93.2	6.41e+05	1.8604
0.798	1420	2.46e+05	1430	1440	2.41e+05	5620	2040	2140	93.2	6.4e+05	1.8614
0.799	1420	2.46e+05	1430	1440	2.4e+05	5620	2040	2140	93.3	6.39e+05	1.8625
0.8	1420	2.46e+05	1430	1430	2.4e+05	5620	2040	2140	93.3	6.39e+05	1.8636
0.801	1420	2.46e+05	1430	1430	2.4e+05	5620	2040	2140	93.4	6.38e+05	1.8646
0.802	1420	2.46e+05	1430	1430	2.4e+05	5620	2040	2140	93.4	6.37e+05	1.8657
0.803	1420	2.46e+05	1430	1430	2.4e+05	5620	2040	2140	93.5	6.37e+05	1.8668
0.804	1420	2.45e+05	1430	1430	2.4e+05	5620	2050	2140	93.5	6.36e+05	1.8679
0.805	1420	2.45e+05	1430	1430	2.4e+05	5620	2050	2140	93.6	6.35e+05	1.869
0.806	1420	2.45e+05	1430	1430	2.4e+05	5620	2050	2150	93.6	6.35e+05	1.8701
0.807	1420	2.45e+05	1430	1430	2.39e+05	5620	2050	2150	93.6	6.34e+05	1.8712
0.808	1420	2.45e+05	1430	1430	2.39e+05	5610	2050	2150	93.7	6.33e+05	1.8723
0.809	1420	2.45e+05	1430	1430	2.39e+05	5610	2050	2150	93.7	6.33e+05	1.8734
0.81	1420	2.45e+05	1430	1430	2.39e+05	5610	2050	2150	93.8	6.32e+05	1.8745
0.811	1420	2.44e+05	1430	1430	2.39e+05	5610	2050	2150	93.8	6.31e+05	1.8756
0.812	1420	2.44e+05	1430	1430	2.39e+05	5610	2050	2150	93.8	6.3e+05	1.8767
0.813	1420	2.44e+05	1430	1430	2.39e+05	5610	2050	2150	93.9	6.3e+05	1.8779
0.814	1420	2.44e+05	1430	1430	2.38e+05	5610	2050	2150	93.9	6.29e+05	1.879
0.815	1420	2.44e+05	1430	1430	2.38e+05	5610	2050	2150	93.9	6.28e+05	1.8801
0.816	1420	2.44e+05	1430	1430	2.38e+05	5610	2050	2150	94	6.28e+05	1.8813
0.817	1410	2.44e+05	1430	1430	2.38e+05	5610	2050	2150	94	6.27e+05	1.8824
0.818	1410	2.43e+05	1430	1430	2.38e+05	5600	2050	2150	94.1	6.26e+05	1.8836
0.819	1410	2.43e+05	1430	1430	2.38e+05	5600	2050	2150	94.1	6.26e+05	1.8847
0.82	1410	2.43e+05	1430	1430	2.38e+05	5600	2050	2150	94.1	6.25e+05	1.8859
0.821	1410	2.43e+05	1430	1430	2.37e+05	5600	2050	2150	94.2	6.24e+05	1.887
0.822	1410	2.43e+05	1420	1430	2.37e+05	5600	2050	2150	94.2	6.24e+05	1.8882
0.823	1410	2.43e+05	1420	1430	2.37e+05	5600	2050	2150	94.2	6.23e+05	1.8894
0.824	1410	2.43e+05	1420	1430	2.37e+05	5600	2050	2150	94.3	6.22e+05	1.8905
0.825	1410	2.42e+05	1420	1430	2.37e+05	5600	2050	2150	94.3	6.21e+05	1.8917
0.826	1410	2.42e+05	1420	1430	2.37e+05	5590	2050	2150	94.3	6.21e+05	1.8929
0.827	1410	2.42e+05	1420	1430	2.36e+05	5590	2050	2150	94.3	6.2e+05	1.8941
0.828	1410	2.42e+05	1420	1430	2.36e+05	5590	2050	2150	94.4	6.19e+05	1.8953
0.829	1410	2.42e+05	1420	1430	2.36e+05	5590	2050	2150	94.4	6.18e+05	1.8965
0.83	1410	2.42e+05	1420	1430	2.36e+05	5590	2050	2150	94.4	6.18e+05	1.8977
0.831	1410	2.41e+05	1420	1430	2.36e+05	5590	2050	2150	94.5	6.17e+05	1.8989
0.832	1410	2.41e+05	1420	1430	2.36e+05	5590	2050	2150	94.5	6.16e+05	1.9001
0.833	1410	2.41e+05	1420	1430	2.35e+05	5590	2050	2150	94.5	6.16e+05	1.9013
0.834	1410	2.41e+05	1420	1430	2.35e+05	5580	2050	2150	94.5	6.15e+05	1.9026
0.835	1410	2.41e+05	1420	1430	2.35e+05	5580	2050	2150	94.6	6.14e+05	1.9038
0.836	1410	2.41e+05	1420	1430	2.35e+05	5580	2050	2150	94.6	6.13e+05	1.905
0.837	1400	2.4e+05	1420	1430	2.35e+05	5580	2050	2150	94.6	6.13e+05	1.9062
0.838	1400	2.4e+05	1420	1430	2.35e+05	5580	2050	2150	94.6	6.12e+05	1.9075
0.839	1400	2.4e+05	1420	1430	2.34e+05	5580	2050	2150	94.7	6.11e+05	1.9087
0.84	1400	2.4e+05	1420	1430	2.34e+05	5580	2050	2150	94.7	6.1e+05	1.91
0.841	1400	2.4e+05	1420	1430	2.34e+05	5580	2050	2150	94.7	6.1e+05	1.9112
0.842	1400	2.39e+05	1420	1430	2.34e+05	5570	2050	2150	94.7	6.09e+05	1.9125
0.843	1400	2.39e+05	1420	1420	2.34e+05	5570	2050	2150	94.8	6.08e+05	1.9138
0.844	1400	2.39e+05	1420	1420	2.34e+05	5570	2050	2150	94.8	6.07e+05	1.915
0.845	1400	2.39e+05	1420	1420	2.33e+05	5570	2050	2150	94.8	6.07e+05	1.9163
0.846	1400	2.39e+05	1420	1420	2.33e+05	5570	2050	2150	94.8	6.06e+05	1.9176
0.847	1400	2.39e+05	1420	1420	2.33e+05	5570	2050	2160	94.8	6.05e+05	1.9189
0.848	1400	2.38e+05	1420	1420	2.33e+05	5570	2050	2160	94.8	6.04e+05	1.9201
0.849	1400	2.38e+05	1420	1420	2.33e+05	5560	2050	2160	94.9	6.04e+05	1.9214
0.85	1400	2.38e+05	1420	1420	2.32e+05	5560	2050	2160	94.9	6.03e+05	1.9227
0.851	1400	2.38e+05	1420	1420	2.32e+05	5560	2050	2160	94.9	6.02e+05	1.9242
0.852	1400	2.37e+05	1420	1420	2.32e+05	5560	2050	2160	94.9	6.01e+05	1.9258
0.853	1390	2.37e+05	1420	1420	2.32e+05	5560	2050	2160	94.9	6e+05	1.9274
0.854	1390	2.37e+05	1420	1420	2.31e+05	5560	2050	2160	94.9	5.99e+05	1.929
0.855	1390	2.37e+05	1420	1420	2.31e+05	5550	2050	2160	94.9	5.98e+05	1.9306
0.856	1390	2.36e+05	1420	1420	2.31e+05	5550	2050	2160	94.9	5.97e+05	1.9323
0.857	1390	2.36e+05	1410	1420	2.31e+05	5550	2050	2160	94.9	5.96e+05	1.9339
0.858	1390	2.36e+05	1410	1420	2.3e+05	5550	2050	2160	94.8	5.96e+05	1.9356
0.859	1390	2.36e+05	1410	1420	2.3e+05	5540	2050	2160	94.8	5.95e+05	1.9372
0.86	1390	2.35e+05	1410	1420	2.3e+05	5540	2050	2150	94.8	5.94e+05	1.9389
0.861	1390	2.35e+05	1410	1420	2.3e+05	5540	2050	2150	94.8	5.93e+05	1.9406
0.862	1390	2.35e+05	1410	1420	2.29e+05	5540	2050	2150	94.8	5.92e+05	1.9422
0.863	1380	2.35e+05	1410	1420	2.29e+05	5540	2050	2150	94.8	5.91e+05	1.9439
0.864	1380	2.34e+05	1410	1420	2.29e+05	5530	2050	2150	94.8	5.9e+05	1.9456
0.865	1380	2.34e+05	1410	1420	2.28e+05	5530	2050	2150	94.8	5.89e+05	1.9473
0.866	1380	2.34e+05	1410	1420	2.28e+05	5530	2050	2150	94.7	5.88e+05	1.949
0.867	1380	2.33e+05	1410	1420	2.28e+05	5530	2050	2150	94.7	5.87e+05	1.9507
0.868	1380	2.33e+05	1410	1420	2.28e+05	5530	2050	2150	94.7	5.86e+05	1.9524
0.869	1380	2.33e+05	1410	1410	2.27e+05	5520	2050	2150	94.7	5.85e+05	1.9541
0.87	1380	2.33e+05	1410	1410	2.27e+05	5520	2050	2150	94.7	5.84e+05	1.9559
0.871	1380	2.32e+05	1410	1410	2.27e+05	5520	2050	2150	94.7	5.83e+05	1.9576
0.872	1370	2.32e+05	1410	1410	2.26e+05	5520	2050	2150	94.6	5.82e+05	1.9593
0.873	1370	2.32e+05	1410	1410	2.26e+05	5510	2050	2150	94.6	5.81e+05	1.9611
0.874	1370	2.31e+05	1410	1410	2.26e+05	5510	2050	2150	94.6	5.8e+05	1.9628
0.875	1370	2.31e+05	1410	1410	2.26e+05	5510	2050	2150	94.6	5.79e+05	1.9646
0.876	1370	2.31e+05	1410	1410	2.25e+05	5510	2040	2150	94.6	5.78e+05	1.9664
0.877	1370	2.3e+05	1410	1410	2.25e+05	5510	2040	2150	94.5	5.77e+05	1.9682
0.878	1370	2.3e+05	1410	1410	2.25e+05	5500	2040	2150	94.5	5.76e+05	1.9699
0.879	1370	2.3e+05	1410	1410	2.24e+05	5500	2040	2150	94.5	5.75e+05	1.9717
0.88	1370	2.3e+05	1400	1410	2.24e+05	5500	2040	2150	94.5	5.74e+05	1.9735
0.881	1360	2.29e+05	1400	1410	2.24e+05	5500	2040	2150	94.4	5.73e+05	1.9753
0.882	1360	2.29e+05	1400	1410	2.23e+05	5490	2040	2150	94.4	5.72e+05	1.9771
0.883	1360	2.29e+05	1400	1410	2.23e+05	5490	2040	2150	94.4	5.71e+05	1.979
0.884	1360	2.28e+05	1400	1410	2.23e+05	5490	2040	2150	94.4	5.7e+05	1.9808
0.885	1360	2.28e+05	1400	1410	2.23e+05	5490	2040	2150	94.3	5.69e+05	1.9826
0.886	1360	2.28e+05	1400	1410	2.22e+05	5480	2040	2150	94.3	5.68e+05	1.9845
0.887	1360	2.27e+05	1400	1410	2.22e+05	5480	2040	2150	94.3	5.67e+05	1.9863
0.888	1360	2.27e+05	1400	1410	2.22e+05	5480	2040	2150	94.2	5.66e+05	1.9882
0.889	1360	2.27e+05	1400	1410	2.21e+05	5480	2040	2150	94.2	5.65e+05	1.99
0.89	1350	2.26e+05	1400	1400	2.21e+05	5470	2040	2150	94.2	5.64e+05	1.9919
0.891	1350	2.26e+05	1400	1400	2.21e+05	5470	2040	2150	94.1	5.63e+05	1.9938
0.892	1350	2.26e+05	1400	1400	2.2e+05	5470	2040	2150	94.1	5.62e+05	1.9957
0.893	1350	2.25e+05	1400	1400	2.2e+05	5470	2040	2150	94.1	5.61e+05	1.9976
0.894	1350	2.25e+05	1400	1400	2.2e+05	5460	2040	2150	94	5.6e+05	1.9995
0.895	1350	2.25e+05	1400	1400	2.19e+05	5460	2040	2150	94	5.59e+05	2.0014
0.896	1350	2.24e+05	1400	1400	2.19e+05	5460	2040	2150	94	5.58e+05	2.0033
0.897	1350	2.24e+05	1400	1400	2.19e+05	5460	2040	2150	93.9	5.57e+05	2.0052
0.898	1340	2.24e+05	1400	1400	2.18e+05	5450	2040	2150	93.9	5.56e+05	2.0071
0.899	1340	2.23e+05	1400	1400	2.18e+05	5450	2040	2150	93.8	5.55e+05	2.0091
0.9	1340	2.23e+05	1390	1400	2.18e+05	5450	2040	2150	93.8	5.54e+05	2.0111
0.901	1340	2.23e+05	1390	1400	2.17e+05	5450	2030	2150	93.8	5.53e+05	2.013
0.902	1340	2.22e+05	1390	1400	2.17e+05	5440	2030	2150	93.7	5.52e+05	2.015
0.903	1340	2.22e+05	1390	1400	2.17e+05	5440	2030	2150	93.7	5.51e+05	2.0169
0.904	1340	2.22e+05	1390	1400	2.16e+05	5440	2030	2150	93.6	5.5e+05	2.019
0.905	1330	2.21e+05	1390	1400	2.16e+05	5430	2030	2150	93.6	5.49e+05	2.0209
0.906	1330	2.21e+05	1390	1400	2.16e+05	5430	2030	2140	93.5	5.48e+05	2.0229
0.907	1330	2.21e+05	1390	1400	2.15e+05	5430	2030	2140	93.5	5.47e+05	2.025
0.908	1330	2.2e+05	1390	1400	2.15e+05	5430	2030	2140	93.5	5.45e+05	2.027
0.909	1330	2.2e+05	1390	1390	2.15e+05	5420	2030	2140	93.4	5.44e+05	2.029
0.91	1330	2.2e+05	1390	1390	2.14e+05	5420	2030	2140	93.4	5.43e+05	2.031
0.911	1330	2.2e+05	1390	1390	2.14e+05	5420	2030	2140	93.4	5.43e+05	2.0323
0.912	1330	2.19e+05	1390	1390	2.14e+05	5420	2030	2140	93.4	5.42e+05	2.0329
0.913	1330	2.19e+05	1390	1390	2.14e+05	5420	2030	2140	93.5	5.42e+05	2.0335
0.914	1330	2.19e+05	1390	1390	2.14e+05	5420	2030	2140	93.5	5.41e+05	2.0341
0.915	1330	2.19e+05	1390	1390	2.14e+05	5420	2030	2140	93.6	5.41e+05	2.0347
0.916	1330	2.19e+05	1390	1390	2.14e+05	5420	2030	2150	93.6	5.41e+05	2.0353
0.917	1330	2.19e+05	1390	1390	2.14e+05	5420	2030	2150	93.7	5.4e+05	2.0359
0.918	1330	2.19e+05	1390	1390	2.14e+05	5420	2030	2150	93.7	5.4e+05	2.0365
0.919	1330	2.19e+05	1390	1390	2.14e+05	5420	2030	2150	93.8	5.39e+05	2.0371
0.92	1330	2.19e+05	1390	1390	2.14e+05	5410	2030	2150	93.8	5.39e+05	2.0377
0.921	1330	2.19e+05	1390	1390	2.13e+05	5410	2030	2150	93.9	5.39e+05	2.0383
0.922	1330	2.19e+05	1390	1390	2.13e+05	5410	2030	2150	93.9	5.38e+05	2.0389
0.923	1330	2.19e+05	1390	1390	2.13e+05	5410	2030	2150	94	5.38e+05	2.0395
0.924	1330	2.19e+05	1390	1390	2.13e+05	5410	2030	2150	94	5.37e+05	2.0401
0.925	1330	2.19e+05	1390	1390	2.13e+05	5410	2030	2150	94.1	5.37e+05	2.0408
0.926	1330	2.19e+05	1390	1390	2.13e+05	5410	2040	2150	94.1	5.37e+05	2.0414
0.927	1330	2.18e+05	1390	1390	2.13e+05	5410	2040	2150	94.2	5.36e+05	2.042
0.928	1330	2.18e+05	1390	1390	2.13e+05	5410	2040	2150	94.2	5.36e+05	2.0426
0.929	1330	2.18e+05	1390	1390	2.13e+05	5410	2040	2150	94.2	5.35e+05	2.0433
0.93	1330	2.18e+05	1390	1390	2.13e+05	5410	2040	2150	94.3	5.35e+05	2.0439
0.931	1330	2.18e+05	1390	1390	2.13e+05	5410	2040	2150	94.3	5.35e+05	2.0445
0.932	1330	2.18e+05	1390	1390	2.13e+05	5410	2040	2150	94.4	5.34e+05	2.0452
0.933	1330	2.18e+05	1390	1390	2.13e+05	5410	2040	2150	94.4	5.34e+05	2.0458
0.934	1330	2.18e+05	1390	1390	2.13e+05	5410	2040	2150	94.5	5.33e+05	2.0465
0.935	1330	2.18e+05	1390	1390	2.12e+05	5410	2040	2150	94.5	5.33e+05	2.0471
0.936	1330	2.18e+05	1390	1390	2.12e+05	5410	2040	2150	94.6	5.32e+05	2.0478
0.937	1330	2.18e+05	1390	1390	2.12e+05	5400	2040	2150	94.6	5.32e+05	2.0484
0.938	1330	2.18e+05	1390	1390	2.12e+05	5400	2040	2150	94.7	5.32e+05	2.0491
0.939	1320	2.18e+05	1390	1390	2.12e+05	5400	2040	2150	94.7	5.31e+05	2.0497
0.94	1320	2.18e+05	1390	1390	2.12e+05	5400	2040	2150	94.7	5.31e+05	2.0504
0.941	1320	2.17e+05	1390	1390	2.12e+05	5400	2040	2150	94.8	5.3e+05	2.051
0.942	1320	2.17e+05	1390	1390	2.12e+05	5400	2040	2160	94.8	5.3e+05	2.0517
0.943	1320	2.17e+05	1390	1390	2.12e+05	5400	2040	2160	94.9	5.29e+05	2.0524
0.944	1320	2.17e+05	1390	1390	2.12e+05	5400	2040	2160	94.9	5.29e+05	2.053
0.945	1320	2.17e+05	1380	1390	2.12e+05	5400	2040	2160	95	5.29e+05	2.0537
0.946	1320	2.17e+05	1380	1390	2.12e+05	5400	2040	2160	95	5.28e+05	2.0544
0.947	1320	2.17e+05	1380	1390	2.12e+05	5400	2040	2160	95	5.28e+05	2.055
0.948	1320	2.17e+05	1380	1390	2.11e+05	5400	2040	2160	95.1	5.27e+05	2.0557
0.949	1320	2.17e+05	1380	1390	2.11e+05	5400	2040	2160	95.1	5.27e+05	2.0564
0.95	1320	2.17e+05	1380	1390	2.11e+05	5400	2040	2160	95.2	5.26e+05	2.0571
0.951	1320	2.17e+05	1380	1390	2.11e+05	5400	2040	2160	95.2	5.26e+05	2.0578
0.952	1320	2.17e+05	1380	1390	2.11e+05	5400	2040	2160	95.2	5.26e+05	2.0585
0.953	1320	2.16e+05	1380	1390	2.11e+05	5390	2040	2160	95.3	5.25e+05	2.0591
0.954	1320	2.16e+05	1380	1390	2.11e+05	5390	2040	2160	95.3	5.25e+05	2.0598
0.955	1320	2.16e+05	1380	1390	2.11e+05	5390	2040	2160	95.4	5.24e+05	2.0605
0.956	1320	2.16e+05	1380	1390	2.11e+05	5390	2040	2160	95.4	5.24e+05	2.0612
0.957	1320	2.16e+05	1380	1390	2.11e+05	5390	2040	2160	95.4	5.23e+05	2.062
0.958	1320	2.16e+05	1380	1390	2.11e+05	5390	2040	2160	95.5	5.23e+05	2.0626
0.959	1320	2.16e+05	1380	1390	2.11e+05	5390	2040	2160	95.5	5.23e+05	2.0634
0.96	1320	2.16e+05	1380	1390	2.1e+05	5390	2040	2160	95.5	5.22e+05	2.0641
0.961	1320	2.16e+05	1380	1390	2.1e+05	5390	2040	2160	95.6	5.22e+05	2.0648
0.962	1320	2.16e+05	1380	1390	2.1e+05	5390	2040	2160	95.6	5.21e+05	2.0655
0.963	1320	2.16e+05	1380	1390	2.1e+05	5390	2040	2160	95.7	5.21e+05	2.0662
0.964	1320	2.15e+05	1380	1390	2.1e+05	5390	2050	2160	95.7	5.2e+05	2.0669
0.965	1320	2.15e+05	1380	1390	2.1e+05	5390	2050	2160	95.7	5.2e+05	2.0677
0.966	1320	2.15e+05	1380	1390	2.1e+05	5380	2050	2160	95.8	5.19e+05	2.0684
0.967	1320	2.15e+05	1380	1390	2.1e+05	5380	2050	2160	95.8	5.19e+05	2.0691
0.968	1320	2.15e+05	1380	1390	2.1e+05	5380	2050	2160	95.8	5.19e+05	2.0699
0.969	1320	2.15e+05	1380	1390	2.1e+05	5380	2050	2160	95.9	5.18e+05	2.0706
0.97	1320	2.15e+05	1380	1390	2.09e+05	5380	2050	2160	95.9	5.18e+05	2.0713
0.971	1320	2.15e+05	1380	1390	2.1e+05	5380	2050	2160	96	5.18e+05	2.0714
0.972	1320	2.15e+05	1380	1390	2.1e+05	5380	2050	2170	96.1	5.18e+05	2.0707
0.973	1320	2.15e+05	1380	1390	2.1e+05	5380	2050	2170	96.2	5.18e+05	2.07
0.974	1320	2.15e+05	1380	1390	2.1e+05	5390	2050	2170	96.4	5.18e+05	2.0694
0.975	1320	2.16e+05	1380	1390	2.1e+05	5390	2050	2170	96.5	5.18e+05	2.0687
0.976	1330	2.16e+05	1380	1390	2.1e+05	5390	2050	2170	96.6	5.18e+05	2.0681
0.977	1330	2.16e+05	1380	1390	2.11e+05	5390	2050	2170	96.8	5.19e+05	2.0674
0.978	1330	2.16e+05	1380	1390	2.11e+05	5390	2050	2170	96.9	5.19e+05	2.0667
0.979	1330	2.16e+05	1380	1390	2.11e+05	5390	2060	2170	97	5.19e+05	2.0661
0.98	1330	2.16e+05	1380	1390	2.11e+05	5390	2060	2170	97.2	5.19e+05	2.0654
0.981	1330	2.17e+05	1380	1390	2.11e+05	5400	2060	2170	97.3	5.19e+05	2.0648
0.982	1330	2.17e+05	1380	1390	2.11e+05	5400	2060	2180	97.4	5.19e+05	2.0641
0.983	1330	2.17e+05	1380	1390	2.12e+05	5400	2060	2180	97.6	5.2e+05	2.0635
0.984	1330	2.17e+05	1390	1390	2.12e+05	5400	2060	2180	97.7	5.2e+05	2.0628
0.985	1340	2.17e+05	1390	1390	2.12e+05	5400	2060	2180	97.8	5.2e+05	2.0622
0.986	1340	2.18e+05	1390	1390	2.12e+05	5400	2060	2180	97.9	5.2e+05	2.0615
0.987	1340	2.18e+05	1390	1390	2.12e+05	5400	2060	2180	98.1	5.2e+05	2.0609
0.988	1340	2.18e+05	1390	1390	2.12e+05	5410	2070	2180	98.2	5.2e+05	2.0602
0.989	1340	2.18e+05	1390	1390	2.13e+05	5410	2070	2180	98.3	5.2e+05	2.0597
0.99	1340	2.18e+05	1390	1390	2.12e+05	5410	2070	2180	98.3	5.2e+05	2.0607
0.991	1340	2.18e+05	1390	1390	2.12e+05	5400	2070	2180	98.4	5.19e+05	2.0618
0.992	1340	2.18e+05	1390	1390	2.12e+05	5400	2070	2180	98.4	5.19e+05	2.0628
0.993	1340	2.17e+05	1390	1390	2.12e+05	5400	2070	2180	98.4	5.18e+05	2.0638
0.994	1340	2.17e+05	1390	1390	2.12e+05	5400	2070	2180	98.4	5.18e+05	2.0648
0.995	1340	2.17e+05	1380	1390	2.12e+05	5400	2070	2180	98.4	5.17e+05	2.0658
0.996	1340	2.17e+05	1380	1390	2.12e+05	5400	2070	2180	98.4	5.16e+05	2.0668
0.997	1340	2.17e+05	1380	1390	2.11e+05	5400	2070	2180	98.4	5.16e+05	2.0679
0.998	1330	2.17e+05	1380	1390	2.11e+05	5400	2070	2180	98.5	5.15e+05	2.0689
0.999	1330	2.16e+05	1380	1390	2.11e+05	5390	2070	2180	98.5	5.15e+05	2.07
1	1330	2.16e+05	1380	1390	2.11e+05	5390	2070	2180	98.5	5.14e+05	2.071
1.01	1330	2.15e+05	1380	1390	2.1e+05	5390	2070	2180	98.5	5.11e+05	2.0768
1.02	1330	2.16e+05	1380	1390	2.1e+05	5390	2070	2190	99.3	5.09e+05	2.0783
